# ------------------------------------------------------------------------
# Radiance spectrum
# NASA-GSFC Planetary Spectrum Generator (PSG) (Villanueva et al. 2018, 2022)
# Synthesized on Tue Jun  9 21:14:54 2026
# Doppler velocities [km/s] (vobs,vrot+vorb,vwidth,vrfl,vstr): -21.10000,-0.00000,0.57000,6.47461,-0.00000
# ------------------------------------------------------------------------
# Spectra synthesized with the Planetary and Universal Model of Atmospheric Scattering (PUMAS, Villanueva et al. 2018, 2022)
# Single scattering radiative transfer method
# Radiative transfer took 0.631 seconds
# ------------------------------------------------------------------------
# Spectral unit: Wavelength [um]
# Radiance unit: Contrast [radiance ratio w.r.t. parent star]
# Wave/freq Total Noise Stellar GJ-1214b Transit
5.000000000e-01  1.5446260e-02  2.69817e-04  1.00000e+00  1.54463e-02  1.54463e-02
5.050000000e-01  1.5440560e-02  2.60749e-04  1.00000e+00  1.54406e-02  1.54406e-02
5.100500000e-01  1.5421360e-02  2.50449e-04  1.00000e+00  1.54214e-02  1.54214e-02
5.151505000e-01  1.5399710e-02  2.40793e-04  1.00000e+00  1.53997e-02  1.53997e-02
5.203020050e-01  1.5383250e-02  2.31733e-04  1.00000e+00  1.53832e-02  1.53833e-02
5.255050250e-01  1.5368422e-02  2.23223e-04  1.00000e+00  1.53684e-02  1.53684e-02
5.307600753e-01  1.5352816e-02  2.15221e-04  1.00000e+00  1.53528e-02  1.53528e-02
5.360676761e-01  1.5338180e-02  2.07689e-04  1.00000e+00  1.53382e-02  1.53382e-02
5.414283528e-01  1.5334921e-02  2.00592e-04  1.00000e+00  1.53349e-02  1.53349e-02
5.468426363e-01  1.5314766e-02  1.93901e-04  1.00000e+00  1.53148e-02  1.53148e-02
5.523110627e-01  1.5290767e-02  1.87584e-04  1.00000e+00  1.52908e-02  1.52908e-02
5.578341733e-01  1.5273034e-02  1.81616e-04  1.00000e+00  1.52730e-02  1.52730e-02
5.634125151e-01  1.5256807e-02  1.75972e-04  1.00000e+00  1.52568e-02  1.52568e-02
5.690466402e-01  1.5253498e-02  1.70629e-04  1.00000e+00  1.52535e-02  1.52535e-02
5.747371066e-01  1.5238433e-02  1.65568e-04  1.00000e+00  1.52384e-02  1.52384e-02
5.804844777e-01  1.5219605e-02  1.60770e-04  1.00000e+00  1.52196e-02  1.52196e-02
5.862893225e-01  1.5248263e-02  1.56215e-04  1.00000e+00  1.52483e-02  1.52483e-02
5.921522157e-01  1.5254707e-02  1.51890e-04  1.00000e+00  1.52547e-02  1.52547e-02
5.980737378e-01  1.5226948e-02  1.47782e-04  1.00000e+00  1.52269e-02  1.52269e-02
6.040544752e-01  1.5173751e-02  1.43876e-04  1.00000e+00  1.51738e-02  1.51738e-02
6.100950200e-01  1.5142998e-02  1.40158e-04  1.00000e+00  1.51430e-02  1.51430e-02
6.161959702e-01  1.5165004e-02  1.36614e-04  1.00000e+00  1.51650e-02  1.51650e-02
6.223579299e-01  1.5145159e-02  1.33238e-04  1.00000e+00  1.51452e-02  1.51452e-02
6.285815092e-01  1.5094924e-02  1.30020e-04  1.00000e+00  1.50949e-02  1.50949e-02
6.348673243e-01  1.5075796e-02  1.26948e-04  1.00000e+00  1.50758e-02  1.50758e-02
6.412159975e-01  1.5073115e-02  1.24014e-04  1.00000e+00  1.50731e-02  1.50731e-02
6.476281575e-01  1.5114165e-02  1.21208e-04  1.00000e+00  1.51142e-02  1.51142e-02
6.541044391e-01  1.5091964e-02  1.18529e-04  1.00000e+00  1.50920e-02  1.50920e-02
6.606454834e-01  1.5058964e-02  1.15967e-04  1.00000e+00  1.50590e-02  1.50590e-02
6.672519383e-01  1.5020082e-02  1.13516e-04  1.00000e+00  1.50201e-02  1.50201e-02
6.739244577e-01  1.4979403e-02  1.11169e-04  1.00000e+00  1.49794e-02  1.49794e-02
6.806637022e-01  1.4963278e-02  1.08919e-04  1.00000e+00  1.49633e-02  1.49633e-02
6.874703393e-01  1.4958338e-02  1.06763e-04  1.00000e+00  1.49583e-02  1.49583e-02
6.943450427e-01  1.5072879e-02  1.04690e-04  1.00000e+00  1.50729e-02  1.50729e-02
7.012884931e-01  1.5080318e-02  1.02706e-04  1.00000e+00  1.50803e-02  1.50803e-02
7.083013780e-01  1.5060379e-02  1.00803e-04  1.00000e+00  1.50604e-02  1.50604e-02
7.153843918e-01  1.5240618e-02  9.89681e-05  1.00000e+00  1.52406e-02  1.52406e-02
7.225382357e-01  1.5398109e-02  9.72064e-05  1.00000e+00  1.53981e-02  1.53981e-02
7.297636181e-01  1.5425539e-02  9.55194e-05  1.00000e+00  1.54255e-02  1.54255e-02
7.370612543e-01  1.5180996e-02  9.39094e-05  1.00000e+00  1.51810e-02  1.51810e-02
7.444318668e-01  1.4993464e-02  9.23593e-05  1.00000e+00  1.49935e-02  1.49935e-02
7.518761855e-01  1.4896064e-02  9.08651e-05  1.00000e+00  1.48961e-02  1.48961e-02
7.593949473e-01  1.4844800e-02  8.94259e-05  1.00000e+00  1.48448e-02  1.48448e-02
7.669888968e-01  1.4834286e-02  8.80395e-05  1.00000e+00  1.48343e-02  1.48343e-02
7.746587858e-01  1.4847164e-02  8.67042e-05  1.00000e+00  1.48472e-02  1.48472e-02
7.824053736e-01  1.4949558e-02  8.54152e-05  1.00000e+00  1.49496e-02  1.49496e-02
7.902294274e-01  1.5012392e-02  8.41755e-05  1.00000e+00  1.50124e-02  1.50124e-02
7.981317216e-01  1.5088707e-02  8.29809e-05  1.00000e+00  1.50887e-02  1.50887e-02
8.061130388e-01  1.5064325e-02  8.18337e-05  1.00000e+00  1.50643e-02  1.50643e-02
8.141741692e-01  1.5200927e-02  8.07225e-05  1.00000e+00  1.52009e-02  1.52009e-02
8.223159109e-01  1.5115011e-02  7.96598e-05  1.00000e+00  1.51150e-02  1.51150e-02
8.305390700e-01  1.5083310e-02  7.86335e-05  1.00000e+00  1.50833e-02  1.50833e-02
8.388444607e-01  1.5059081e-02  7.76439e-05  1.00000e+00  1.50591e-02  1.50591e-02
8.472329053e-01  1.4986073e-02  7.66917e-05  1.00000e+00  1.49861e-02  1.49861e-02
8.557052344e-01  1.5212868e-02  7.57630e-05  1.00000e+00  1.52129e-02  1.52129e-02
8.642622867e-01  1.5293457e-02  7.48725e-05  1.00000e+00  1.52935e-02  1.52935e-02
8.729049096e-01  1.5312434e-02  7.40158e-05  1.00000e+00  1.53124e-02  1.53124e-02
8.816339587e-01  1.5785530e-02  7.31741e-05  1.00000e+00  1.57855e-02  1.57855e-02
8.904502983e-01  1.5881551e-02  7.23748e-05  1.00000e+00  1.58816e-02  1.58816e-02
8.993548013e-01  1.5749407e-02  7.16114e-05  1.00000e+00  1.57494e-02  1.57494e-02
9.083483493e-01  1.5463110e-02  7.08803e-05  1.00000e+00  1.54631e-02  1.54631e-02
9.174318328e-01  1.5334326e-02  7.01702e-05  1.00000e+00  1.53343e-02  1.53343e-02
9.266061511e-01  1.5486772e-02  6.94762e-05  1.00000e+00  1.54868e-02  1.54868e-02
9.358722126e-01  1.5635713e-02  6.88070e-05  1.00000e+00  1.56357e-02  1.56357e-02
9.452309347e-01  1.5553126e-02  6.81689e-05  1.00000e+00  1.55531e-02  1.55532e-02
9.546832441e-01  1.5575675e-02  6.75504e-05  1.00000e+00  1.55757e-02  1.55757e-02
9.642300765e-01  1.5533999e-02  6.69560e-05  1.00000e+00  1.55340e-02  1.55340e-02
9.738723773e-01  1.5551392e-02  6.63811e-05  1.00000e+00  1.55514e-02  1.55514e-02
9.836111011e-01  1.5559955e-02  6.58273e-05  1.00000e+00  1.55600e-02  1.55600e-02
9.934472121e-01  1.5627219e-02  6.52917e-05  1.00000e+00  1.56272e-02  1.56273e-02
1.003381684e+00  1.5659571e-02  6.47766e-05  1.00000e+00  1.56596e-02  1.56596e-02
1.013415501e+00  1.5574135e-02  6.42840e-05  1.00000e+00  1.55741e-02  1.55742e-02
1.023549656e+00  1.5426064e-02  6.38115e-05  1.00000e+00  1.54261e-02  1.54262e-02
1.033785153e+00  1.5224170e-02  6.33582e-05  1.00000e+00  1.52242e-02  1.52243e-02
1.044123004e+00  1.5036346e-02  6.29217e-05  1.00000e+00  1.50363e-02  1.50365e-02
1.054564234e+00  1.4960489e-02  6.24985e-05  1.00000e+00  1.49605e-02  1.49606e-02
1.065109877e+00  1.4935125e-02  6.20899e-05  1.00000e+00  1.49351e-02  1.49353e-02
1.075760975e+00  1.4975690e-02  6.16952e-05  1.00000e+00  1.49757e-02  1.49759e-02
1.086518585e+00  1.5174996e-02  6.13111e-05  1.00000e+00  1.51750e-02  1.51752e-02
1.097383771e+00  1.5380626e-02  6.09418e-05  1.00000e+00  1.53806e-02  1.53808e-02
1.108357609e+00  1.5702339e-02  6.05837e-05  1.00000e+00  1.57023e-02  1.57024e-02
1.119441185e+00  1.6045679e-02  6.02392e-05  1.00000e+00  1.60457e-02  1.60457e-02
1.130635597e+00  1.6098887e-02  5.99167e-05  1.00000e+00  1.60989e-02  1.60989e-02
1.141941952e+00  1.6077470e-02  5.96098e-05  1.00000e+00  1.60775e-02  1.60775e-02
1.153361372e+00  1.6288035e-02  5.93093e-05  1.00000e+00  1.62880e-02  1.62881e-02
1.164894986e+00  1.6266233e-02  5.90282e-05  1.00000e+00  1.62662e-02  1.62662e-02
1.176543936e+00  1.6132748e-02  5.87625e-05  1.00000e+00  1.61327e-02  1.61328e-02
1.188309375e+00  1.6020605e-02  5.85083e-05  1.00000e+00  1.60206e-02  1.60207e-02
1.200192469e+00  1.5803029e-02  5.82689e-05  1.00000e+00  1.58030e-02  1.58033e-02
1.212194393e+00  1.5571223e-02  5.80413e-05  1.00000e+00  1.55712e-02  1.55716e-02
1.224316337e+00  1.5370360e-02  5.78240e-05  1.00000e+00  1.53704e-02  1.53709e-02
1.236559501e+00  1.5236280e-02  5.76159e-05  1.00000e+00  1.52363e-02  1.52370e-02
1.248925096e+00  1.5074969e-02  5.74192e-05  1.00000e+00  1.50750e-02  1.50758e-02
1.261414347e+00  1.4961206e-02  5.72317e-05  1.00000e+00  1.49612e-02  1.49622e-02
1.274028490e+00  1.4983154e-02  5.70508e-05  1.00000e+00  1.49832e-02  1.49842e-02
1.286768775e+00  1.5146708e-02  5.68761e-05  1.00000e+00  1.51467e-02  1.51477e-02
1.299636463e+00  1.5449055e-02  5.67075e-05  1.00000e+00  1.54491e-02  1.54499e-02
1.312632827e+00  1.5702366e-02  5.65500e-05  1.00000e+00  1.57024e-02  1.57030e-02
1.325759156e+00  1.5912782e-02  5.64031e-05  1.00000e+00  1.59128e-02  1.59131e-02
1.339016747e+00  1.6082950e-02  5.62666e-05  1.00000e+00  1.60829e-02  1.60831e-02
1.352406915e+00  1.6320121e-02  5.61375e-05  1.00000e+00  1.63201e-02  1.63201e-02
1.365930984e+00  1.6323916e-02  5.60236e-05  1.00000e+00  1.63239e-02  1.63239e-02
1.379590294e+00  1.6389875e-02  5.59168e-05  1.00000e+00  1.63899e-02  1.63899e-02
1.393386197e+00  1.6335521e-02  5.58219e-05  1.00000e+00  1.63355e-02  1.63356e-02
1.407320059e+00  1.6332954e-02  5.57341e-05  1.00000e+00  1.63330e-02  1.63330e-02
1.421393259e+00  1.6176055e-02  5.56587e-05  1.00000e+00  1.61761e-02  1.61761e-02
1.435607192e+00  1.6066532e-02  5.55902e-05  1.00000e+00  1.60665e-02  1.60667e-02
1.449963264e+00  1.5931176e-02  5.55305e-05  1.00000e+00  1.59312e-02  1.59315e-02
1.464462896e+00  1.5825329e-02  5.54779e-05  1.00000e+00  1.58253e-02  1.58259e-02
1.479107525e+00  1.5763850e-02  5.54320e-05  1.00000e+00  1.57639e-02  1.57646e-02
1.493898601e+00  1.5632199e-02  5.53956e-05  1.00000e+00  1.56322e-02  1.56334e-02
1.508837587e+00  1.5499530e-02  5.53668e-05  1.00000e+00  1.54995e-02  1.55014e-02
1.523925962e+00  1.5379850e-02  5.53451e-05  1.00000e+00  1.53798e-02  1.53826e-02
1.539165222e+00  1.5260056e-02  5.53308e-05  1.00000e+00  1.52601e-02  1.52638e-02
1.554556874e+00  1.5160410e-02  5.53233e-05  1.00000e+00  1.51604e-02  1.51652e-02
1.570102443e+00  1.5131664e-02  5.53210e-05  1.00000e+00  1.51317e-02  1.51372e-02
1.585803467e+00  1.5247809e-02  5.53220e-05  1.00000e+00  1.52478e-02  1.52532e-02
1.601661502e+00  1.5580736e-02  5.53242e-05  1.00000e+00  1.55807e-02  1.55834e-02
1.617678117e+00  1.5944114e-02  5.53324e-05  1.00000e+00  1.59441e-02  1.59449e-02
1.633854898e+00  1.6065542e-02  5.53540e-05  1.00000e+00  1.60655e-02  1.60660e-02
1.650193447e+00  1.6137972e-02  5.53836e-05  1.00000e+00  1.61380e-02  1.61384e-02
1.666695382e+00  1.6266143e-02  5.54185e-05  1.00000e+00  1.62661e-02  1.62664e-02
1.683362336e+00  1.6133762e-02  5.54669e-05  1.00000e+00  1.61338e-02  1.61342e-02
1.700195959e+00  1.6386420e-02  5.55116e-05  1.00000e+00  1.63864e-02  1.63866e-02
1.717197919e+00  1.6175504e-02  5.55751e-05  1.00000e+00  1.61755e-02  1.61760e-02
1.734369898e+00  1.6285392e-02  5.56366e-05  1.00000e+00  1.62854e-02  1.62857e-02
1.751713597e+00  1.6184078e-02  5.57100e-05  1.00000e+00  1.61841e-02  1.61846e-02
1.769230733e+00  1.6202615e-02  5.57866e-05  1.00000e+00  1.62026e-02  1.62032e-02
1.786923040e+00  1.6216019e-02  5.58696e-05  1.00000e+00  1.62160e-02  1.62166e-02
1.804792270e+00  1.6096478e-02  5.59624e-05  1.00000e+00  1.60965e-02  1.60971e-02
1.822840193e+00  1.6085842e-02  5.60585e-05  1.00000e+00  1.60858e-02  1.60867e-02
1.841068595e+00  1.6117035e-02  5.61595e-05  1.00000e+00  1.61170e-02  1.61178e-02
1.859479281e+00  1.6087953e-02  5.62683e-05  1.00000e+00  1.60880e-02  1.60888e-02
1.878074074e+00  1.5999817e-02  5.63848e-05  1.00000e+00  1.59998e-02  1.60014e-02
1.896854815e+00  1.5933077e-02  5.65068e-05  1.00000e+00  1.59331e-02  1.59354e-02
1.915823363e+00  1.6003923e-02  5.66310e-05  1.00000e+00  1.60039e-02  1.60060e-02
1.934981596e+00  1.5988960e-02  5.67635e-05  1.00000e+00  1.59890e-02  1.59906e-02
1.954331412e+00  1.5870657e-02  5.69047e-05  1.00000e+00  1.58707e-02  1.58732e-02
1.973874726e+00  1.5724149e-02  5.70527e-05  1.00000e+00  1.57241e-02  1.57286e-02
1.993613474e+00  1.5656584e-02  5.72044e-05  1.00000e+00  1.56566e-02  1.56628e-02
2.013549608e+00  1.5620312e-02  5.73612e-05  1.00000e+00  1.56203e-02  1.56285e-02
2.033685104e+00  1.5586427e-02  5.75237e-05  1.00000e+00  1.55864e-02  1.55972e-02
2.054021955e+00  1.5581923e-02  5.76913e-05  1.00000e+00  1.55819e-02  1.55943e-02
2.074562175e+00  1.5603791e-02  5.78639e-05  1.00000e+00  1.56038e-02  1.56161e-02
2.095307797e+00  1.5657352e-02  5.80415e-05  1.00000e+00  1.56574e-02  1.56678e-02
2.116260875e+00  1.5760559e-02  5.82235e-05  1.00000e+00  1.57606e-02  1.57684e-02
2.137423484e+00  1.5876802e-02  5.84109e-05  1.00000e+00  1.58768e-02  1.58826e-02
2.158797718e+00  1.6029612e-02  5.86030e-05  1.00000e+00  1.60296e-02  1.60331e-02
2.180385696e+00  1.6010499e-02  5.88057e-05  1.00000e+00  1.60105e-02  1.60133e-02
2.202189552e+00  1.6481832e-02  5.90003e-05  1.00000e+00  1.64818e-02  1.64823e-02
2.224211448e+00  1.6340305e-02  5.92180e-05  1.00000e+00  1.63403e-02  1.63409e-02
2.246453562e+00  1.6589325e-02  5.94304e-05  1.00000e+00  1.65893e-02  1.65896e-02
2.268918098e+00  1.6588908e-02  5.96556e-05  1.00000e+00  1.65889e-02  1.65891e-02
2.291607279e+00  1.6720195e-02  5.98828e-05  1.00000e+00  1.67202e-02  1.67203e-02
2.314523352e+00  1.6659500e-02  6.01213e-05  1.00000e+00  1.66595e-02  1.66597e-02
2.337668585e+00  1.6693868e-02  6.03628e-05  1.00000e+00  1.66939e-02  1.66940e-02
2.361045271e+00  1.6633760e-02  6.06128e-05  1.00000e+00  1.66338e-02  1.66340e-02
2.384655724e+00  1.6593314e-02  6.08681e-05  1.00000e+00  1.65933e-02  1.65935e-02
2.408502281e+00  1.6403801e-02  6.11336e-05  1.00000e+00  1.64038e-02  1.64045e-02
2.432587304e+00  1.6412551e-02  6.13991e-05  1.00000e+00  1.64126e-02  1.64134e-02
2.456913177e+00  1.6231019e-02  6.16760e-05  1.00000e+00  1.62310e-02  1.62329e-02
2.481482309e+00  1.6126105e-02  6.19566e-05  1.00000e+00  1.61261e-02  1.61291e-02
2.506297132e+00  1.6083566e-02  6.22413e-05  1.00000e+00  1.60836e-02  1.60870e-02
2.531360103e+00  1.6142287e-02  6.25288e-05  1.00000e+00  1.61423e-02  1.61446e-02
2.556673704e+00  1.6292964e-02  6.28195e-05  1.00000e+00  1.62930e-02  1.62945e-02
2.582240441e+00  1.6360779e-02  6.31185e-05  1.00000e+00  1.63608e-02  1.63617e-02
2.608062846e+00  1.6328337e-02  6.34266e-05  1.00000e+00  1.63283e-02  1.63297e-02
2.634143474e+00  1.6179391e-02  6.37441e-05  1.00000e+00  1.61794e-02  1.61837e-02
2.660484909e+00  1.6360013e-02  6.40577e-05  1.00000e+00  1.63600e-02  1.63617e-02
2.687089758e+00  1.6362574e-02  6.43827e-05  1.00000e+00  1.63626e-02  1.63638e-02
2.713960656e+00  1.6299127e-02  6.47158e-05  1.00000e+00  1.62991e-02  1.63011e-02
2.741100262e+00  1.6202364e-02  6.50561e-05  1.00000e+00  1.62024e-02  1.62064e-02
2.768511265e+00  1.6307584e-02  6.53962e-05  1.00000e+00  1.63076e-02  1.63095e-02
2.796196377e+00  1.6269998e-02  6.57470e-05  1.00000e+00  1.62700e-02  1.62731e-02
2.824158341e+00  1.6168262e-02  6.61059e-05  1.00000e+00  1.61683e-02  1.61737e-02
2.852399925e+00  1.6087376e-02  6.64705e-05  1.00000e+00  1.60874e-02  1.60949e-02
2.880923924e+00  1.6005667e-02  6.68414e-05  1.00000e+00  1.60057e-02  1.60158e-02
2.909733163e+00  1.5950764e-02  6.72179e-05  1.00000e+00  1.59508e-02  1.59646e-02
2.938830495e+00  1.5843850e-02  6.76023e-05  1.00000e+00  1.58439e-02  1.58657e-02
2.968218800e+00  1.5877057e-02  6.79887e-05  1.00000e+00  1.58771e-02  1.58988e-02
2.997900988e+00  1.5786753e-02  6.83856e-05  1.00000e+00  1.57868e-02  1.58152e-02
3.027879998e+00  1.5782362e-02  6.87861e-05  1.00000e+00  1.57824e-02  1.58146e-02
3.058158798e+00  1.5819510e-02  6.91919e-05  1.00000e+00  1.58195e-02  1.58445e-02
3.088740386e+00  1.5892988e-02  6.96031e-05  1.00000e+00  1.58930e-02  1.59107e-02
3.119627789e+00  1.6084914e-02  7.00170e-05  1.00000e+00  1.60849e-02  1.60943e-02
3.150824067e+00  1.6368068e-02  7.04346e-05  1.00000e+00  1.63681e-02  1.63719e-02
3.182332308e+00  1.6522359e-02  7.08631e-05  1.00000e+00  1.65224e-02  1.65243e-02
3.214155631e+00  1.6610344e-02  7.13006e-05  1.00000e+00  1.66103e-02  1.66116e-02
3.246297187e+00  1.6669028e-02  7.17459e-05  1.00000e+00  1.66690e-02  1.66702e-02
3.278760159e+00  1.6449024e-02  7.22074e-05  1.00000e+00  1.64490e-02  1.64520e-02
3.311547761e+00  1.7062059e-02  7.26479e-05  1.00000e+00  1.70621e-02  1.70633e-02
3.344663238e+00  1.6690141e-02  7.31287e-05  1.00000e+00  1.66901e-02  1.66915e-02
3.378109871e+00  1.6607524e-02  7.36069e-05  1.00000e+00  1.66075e-02  1.66094e-02
3.411890969e+00  1.6642128e-02  7.40882e-05  1.00000e+00  1.66421e-02  1.66440e-02
3.446009879e+00  1.6688899e-02  7.45764e-05  1.00000e+00  1.66889e-02  1.66908e-02
3.480469978e+00  1.6641922e-02  7.50752e-05  1.00000e+00  1.66419e-02  1.66443e-02
3.515274678e+00  1.6483857e-02  7.55852e-05  1.00000e+00  1.64839e-02  1.64882e-02
3.550427425e+00  1.6408923e-02  7.60999e-05  1.00000e+00  1.64089e-02  1.64152e-02
3.585931699e+00  1.6427907e-02  7.66188e-05  1.00000e+00  1.64279e-02  1.64355e-02
3.621791016e+00  1.6376128e-02  7.71478e-05  1.00000e+00  1.63761e-02  1.63850e-02
3.658008926e+00  1.6236490e-02  7.76877e-05  1.00000e+00  1.62365e-02  1.62534e-02
3.694589015e+00  1.6198231e-02  7.82319e-05  1.00000e+00  1.61982e-02  1.62212e-02
3.731534905e+00  1.6157730e-02  7.87839e-05  1.00000e+00  1.61577e-02  1.61851e-02
3.768850254e+00  1.6126276e-02  7.93436e-05  1.00000e+00  1.61263e-02  1.61591e-02
3.806538757e+00  1.5989359e-02  7.99153e-05  1.00000e+00  1.59894e-02  1.60384e-02
3.844604144e+00  1.6057783e-02  8.04875e-05  1.00000e+00  1.60578e-02  1.61075e-02
3.883050186e+00  1.5987577e-02  8.10731e-05  1.00000e+00  1.59876e-02  1.60454e-02
3.921880688e+00  1.5887890e-02  8.16682e-05  1.00000e+00  1.58879e-02  1.59625e-02
3.961099495e+00  1.5843936e-02  8.22695e-05  1.00000e+00  1.58439e-02  1.59316e-02
4.000710490e+00  1.5751776e-02  8.28813e-05  1.00000e+00  1.57518e-02  1.58629e-02
4.040717595e+00  1.5671605e-02  8.35012e-05  1.00000e+00  1.56716e-02  1.58086e-02
4.081124770e+00  1.5588865e-02  8.41300e-05  1.00000e+00  1.55889e-02  1.57526e-02
4.121936018e+00  1.5502601e-02  8.47678e-05  1.00000e+00  1.55026e-02  1.56946e-02
4.163155378e+00  1.5426370e-02  8.54141e-05  1.00000e+00  1.54264e-02  1.56449e-02
4.204786932e+00  1.5359327e-02  8.60692e-05  1.00000e+00  1.53593e-02  1.55997e-02
4.246834801e+00  1.5309206e-02  8.67327e-05  1.00000e+00  1.53092e-02  1.55649e-02
4.289303149e+00  1.5300074e-02  8.74039e-05  1.00000e+00  1.53001e-02  1.55575e-02
4.332196181e+00  1.5298496e-02  8.80842e-05  1.00000e+00  1.52985e-02  1.55649e-02
4.375518143e+00  1.5255156e-02  8.87757e-05  1.00000e+00  1.52552e-02  1.55367e-02
4.419273324e+00  1.5259450e-02  8.94749e-05  1.00000e+00  1.52594e-02  1.55404e-02
4.463466057e+00  1.5216851e-02  9.01857e-05  1.00000e+00  1.52169e-02  1.55217e-02
4.508100718e+00  1.5222265e-02  9.09044e-05  1.00000e+00  1.52223e-02  1.55296e-02
4.553181725e+00  1.5187821e-02  9.16348e-05  1.00000e+00  1.51878e-02  1.55289e-02
4.598713542e+00  1.5060532e-02  9.23791e-05  1.00000e+00  1.50605e-02  1.54417e-02
4.644700678e+00  1.5238324e-02  9.31211e-05  1.00000e+00  1.52383e-02  1.55552e-02
4.691147685e+00  1.5260114e-02  9.38799e-05  1.00000e+00  1.52601e-02  1.55732e-02
4.738059161e+00  1.5156331e-02  9.46545e-05  1.00000e+00  1.51563e-02  1.55197e-02
4.785439753e+00  1.5298936e-02  9.54295e-05  1.00000e+00  1.52989e-02  1.56084e-02
4.833294151e+00  1.5390235e-02  9.62173e-05  1.00000e+00  1.53902e-02  1.56714e-02
4.881627092e+00  1.5385461e-02  9.70203e-05  1.00000e+00  1.53855e-02  1.56683e-02
4.930443363e+00  1.5424487e-02  9.78324e-05  1.00000e+00  1.54245e-02  1.56944e-02
4.979747797e+00  1.5389748e-02  9.86591e-05  1.00000e+00  1.53897e-02  1.56745e-02
5.029545275e+00  1.5470167e-02  9.94921e-05  1.00000e+00  1.54702e-02  1.57291e-02
5.079840727e+00  1.5465901e-02  1.00341e-04  1.00000e+00  1.54659e-02  1.57337e-02
5.130639135e+00  1.5662218e-02  1.01192e-04  1.00000e+00  1.56622e-02  1.58581e-02
5.181945526e+00  1.5522384e-02  1.02070e-04  1.00000e+00  1.55224e-02  1.57650e-02
5.233764981e+00  1.5688526e-02  1.02946e-04  1.00000e+00  1.56885e-02  1.58864e-02
5.286102631e+00  1.5737360e-02  1.03841e-04  1.00000e+00  1.57374e-02  1.59144e-02
5.338963657e+00  1.5814451e-02  1.04746e-04  1.00000e+00  1.58145e-02  1.59774e-02
5.392353294e+00  1.5761229e-02  1.05670e-04  1.00000e+00  1.57612e-02  1.59228e-02
5.446276827e+00  1.5959162e-02  1.06595e-04  1.00000e+00  1.59592e-02  1.60729e-02
5.500739595e+00  1.5878481e-02  1.07546e-04  1.00000e+00  1.58785e-02  1.60108e-02
5.555746991e+00  1.6106155e-02  1.08496e-04  1.00000e+00  1.61062e-02  1.61843e-02
5.611304461e+00  1.6057349e-02  1.09472e-04  1.00000e+00  1.60573e-02  1.61506e-02
5.667417506e+00  1.6097891e-02  1.10458e-04  1.00000e+00  1.60979e-02  1.61836e-02
5.724091681e+00  1.6215506e-02  1.11454e-04  1.00000e+00  1.62155e-02  1.62770e-02
5.781332598e+00  1.6071302e-02  1.12476e-04  1.00000e+00  1.60713e-02  1.61737e-02
5.839145924e+00  1.6182833e-02  1.13501e-04  1.00000e+00  1.61828e-02  1.62584e-02
5.897537383e+00  1.6198116e-02  1.14544e-04  1.00000e+00  1.61981e-02  1.62770e-02
5.956512757e+00  1.6197438e-02  1.15603e-04  1.00000e+00  1.61974e-02  1.62778e-02
6.016077884e+00  1.6052436e-02  1.16685e-04  1.00000e+00  1.60524e-02  1.61714e-02
6.076238663e+00  1.6109946e-02  1.17771e-04  1.00000e+00  1.61099e-02  1.62212e-02
6.137001050e+00  1.6006898e-02  1.18881e-04  1.00000e+00  1.60069e-02  1.61545e-02
6.198371060e+00  1.5907135e-02  1.20007e-04  1.00000e+00  1.59071e-02  1.60857e-02
6.260354771e+00  1.5764990e-02  1.21151e-04  1.00000e+00  1.57650e-02  1.59967e-02
6.322958318e+00  1.5884783e-02  1.22297e-04  1.00000e+00  1.58848e-02  1.60837e-02
6.386187902e+00  1.6136894e-02  1.23454e-04  1.00000e+00  1.61369e-02  1.62520e-02
6.450049781e+00  1.6312200e-02  1.24631e-04  1.00000e+00  1.63122e-02  1.63907e-02
6.514550278e+00  1.6287433e-02  1.25836e-04  1.00000e+00  1.62874e-02  1.63683e-02
6.579695781e+00  1.6359192e-02  1.27052e-04  1.00000e+00  1.63592e-02  1.64224e-02
6.645492739e+00  1.6307533e-02  1.28293e-04  1.00000e+00  1.63075e-02  1.63908e-02
6.711947666e+00  1.6127517e-02  1.29559e-04  1.00000e+00  1.61275e-02  1.62498e-02
6.779067143e+00  1.6172120e-02  1.30831e-04  1.00000e+00  1.61721e-02  1.62874e-02
6.846857815e+00  1.6254071e-02  1.32119e-04  1.00000e+00  1.62541e-02  1.63506e-02
6.915326393e+00  1.5954731e-02  1.33447e-04  1.00000e+00  1.59547e-02  1.61504e-02
6.984479657e+00  1.6078955e-02  1.34772e-04  1.00000e+00  1.60790e-02  1.62302e-02
7.054324453e+00  1.6113485e-02  1.36120e-04  1.00000e+00  1.61135e-02  1.62628e-02
7.124867698e+00  1.6155929e-02  1.37489e-04  1.00000e+00  1.61559e-02  1.62966e-02
7.196116375e+00  1.6223855e-02  1.38876e-04  1.00000e+00  1.62239e-02  1.63484e-02
7.268077538e+00  1.6348670e-02  1.40280e-04  1.00000e+00  1.63487e-02  1.64509e-02
7.340758314e+00  1.6526060e-02  1.41702e-04  1.00000e+00  1.65261e-02  1.66101e-02
7.414165897e+00  1.6584680e-02  1.43152e-04  1.00000e+00  1.65847e-02  1.66699e-02
7.488307556e+00  1.6443233e-02  1.44635e-04  1.00000e+00  1.64432e-02  1.65441e-02
7.563190631e+00  1.6227417e-02  1.46145e-04  1.00000e+00  1.62274e-02  1.63686e-02
7.638822538e+00  1.6515251e-02  1.47648e-04  1.00000e+00  1.65153e-02  1.66441e-02
7.715210763e+00  1.6850160e-02  1.49171e-04  1.00000e+00  1.68502e-02  1.69298e-02
7.792362871e+00  1.6507943e-02  1.50756e-04  1.00000e+00  1.65079e-02  1.66162e-02
7.870286499e+00  1.6383866e-02  1.52353e-04  1.00000e+00  1.63839e-02  1.65058e-02
7.948989364e+00  1.6345405e-02  1.53969e-04  1.00000e+00  1.63454e-02  1.64818e-02
8.028479258e+00  1.6317790e-02  1.55609e-04  1.00000e+00  1.63178e-02  1.64653e-02
8.108764051e+00  1.6247251e-02  1.57276e-04  1.00000e+00  1.62473e-02  1.64214e-02
8.189851691e+00  1.6203665e-02  1.58968e-04  1.00000e+00  1.62037e-02  1.63840e-02
8.271750208e+00  1.6035615e-02  1.60692e-04  1.00000e+00  1.60356e-02  1.62677e-02
8.354467710e+00  1.5936590e-02  1.62440e-04  1.00000e+00  1.59366e-02  1.61983e-02
8.438012387e+00  1.5815100e-02  1.64215e-04  1.00000e+00  1.58151e-02  1.61310e-02
8.522392511e+00  1.5704122e-02  1.66018e-04  1.00000e+00  1.57041e-02  1.60691e-02
8.607616436e+00  1.5623566e-02  1.67847e-04  1.00000e+00  1.56236e-02  1.60375e-02
8.693692601e+00  1.5446310e-02  1.69710e-04  1.00000e+00  1.54463e-02  1.59480e-02
8.780629527e+00  1.5366286e-02  1.71953e-04  1.00000e+00  1.53663e-02  1.59197e-02
8.868435822e+00  1.5175165e-02  1.74388e-04  1.00000e+00  1.51752e-02  1.58291e-02
8.957120180e+00  1.5065854e-02  1.76880e-04  1.00000e+00  1.50659e-02  1.57922e-02
9.046691382e+00  1.5016529e-02  1.79434e-04  1.00000e+00  1.50165e-02  1.57871e-02
9.137158296e+00  1.4919036e-02  1.82058e-04  1.00000e+00  1.49190e-02  1.57573e-02
9.228529879e+00  1.4791288e-02  1.84753e-04  1.00000e+00  1.47913e-02  1.57160e-02
9.320815178e+00  1.4747289e-02  1.87515e-04  1.00000e+00  1.47473e-02  1.57139e-02
9.414023329e+00  1.4748910e-02  1.90348e-04  1.00000e+00  1.47489e-02  1.57092e-02
9.508163563e+00  1.4617525e-02  1.93266e-04  1.00000e+00  1.46175e-02  1.56791e-02
9.603245198e+00  1.4632955e-02  1.96254e-04  1.00000e+00  1.46330e-02  1.56918e-02
9.699277650e+00  1.4573737e-02  1.99329e-04  1.00000e+00  1.45737e-02  1.56813e-02
9.796270427e+00  1.4535791e-02  2.02488e-04  1.00000e+00  1.45358e-02  1.56694e-02
9.894233131e+00  1.4601748e-02  2.05727e-04  1.00000e+00  1.46017e-02  1.56857e-02
9.993175462e+00  1.4435099e-02  2.09072e-04  1.00000e+00  1.44351e-02  1.56519e-02
1.009310722e+01  1.4381655e-02  2.12503e-04  1.00000e+00  1.43817e-02  1.56379e-02
1.019403829e+01  1.4331866e-02  2.16030e-04  1.00000e+00  1.43319e-02  1.56383e-02
1.029597867e+01  1.4430447e-02  2.19648e-04  1.00000e+00  1.44304e-02  1.56535e-02
1.039893846e+01  1.4530494e-02  2.23369e-04  1.00000e+00  1.45305e-02  1.56703e-02
1.050292784e+01  1.4281840e-02  2.27218e-04  1.00000e+00  1.42818e-02  1.56332e-02
1.060795712e+01  1.4318636e-02  2.31160e-04  1.00000e+00  1.43186e-02  1.56403e-02
1.071403669e+01  1.4227494e-02  2.35224e-04  1.00000e+00  1.42275e-02  1.56250e-02
1.082117706e+01  1.4329017e-02  2.39393e-04  1.00000e+00  1.43290e-02  1.56586e-02
1.092938883e+01  1.4324238e-02  2.43690e-04  1.00000e+00  1.43242e-02  1.56488e-02
1.103868272e+01  1.4406959e-02  2.48106e-04  1.00000e+00  1.44070e-02  1.56699e-02
1.114906955e+01  1.4163005e-02  2.52674e-04  1.00000e+00  1.41630e-02  1.56286e-02
1.126056024e+01  1.4225151e-02  2.57356e-04  1.00000e+00  1.42252e-02  1.56536e-02
1.137316584e+01  1.4175936e-02  2.62182e-04  1.00000e+00  1.41759e-02  1.56482e-02
1.148689750e+01  1.4107487e-02  2.67153e-04  1.00000e+00  1.41075e-02  1.56359e-02
1.160176648e+01  1.4360748e-02  2.72251e-04  1.00000e+00  1.43607e-02  1.56797e-02
1.171778414e+01  1.4580098e-02  2.77503e-04  1.00000e+00  1.45801e-02  1.57452e-02
1.183496198e+01  1.4148645e-02  2.82953e-04  1.00000e+00  1.41486e-02  1.56520e-02
1.195331160e+01  1.4144752e-02  2.88539e-04  1.00000e+00  1.41448e-02  1.56579e-02
1.207284472e+01  1.4226363e-02  2.94287e-04  1.00000e+00  1.42264e-02  1.56819e-02
1.219357317e+01  1.4046265e-02  3.00224e-04  1.00000e+00  1.40463e-02  1.56442e-02
1.231550890e+01  1.4153004e-02  3.06322e-04  1.00000e+00  1.41530e-02  1.56741e-02
1.243866399e+01  1.4389606e-02  3.12597e-04  1.00000e+00  1.43896e-02  1.57277e-02
1.256305063e+01  1.4458252e-02  3.19073e-04  1.00000e+00  1.44583e-02  1.57597e-02
1.268868113e+01  1.4167097e-02  3.25768e-04  1.00000e+00  1.41671e-02  1.56892e-02
1.281556794e+01  1.4235156e-02  3.32645e-04  1.00000e+00  1.42352e-02  1.57146e-02
1.294372362e+01  1.4154344e-02  3.39742e-04  1.00000e+00  1.41543e-02  1.56998e-02
1.307316086e+01  1.4125852e-02  3.47054e-04  1.00000e+00  1.41259e-02  1.56806e-02
1.320389247e+01  1.4357196e-02  3.54575e-04  1.00000e+00  1.43572e-02  1.57549e-02
1.333593139e+01  1.4141993e-02  3.62357e-04  1.00000e+00  1.41420e-02  1.57063e-02
1.346929071e+01  1.4532715e-02  3.70343e-04  1.00000e+00  1.45327e-02  1.58052e-02
1.360398361e+01  1.4084179e-02  3.78632e-04  1.00000e+00  1.40842e-02  1.56875e-02
1.374002345e+01  1.4078529e-02  3.87154e-04  1.00000e+00  1.40785e-02  1.57012e-02
1.387742369e+01  1.4120688e-02  3.95942e-04  1.00000e+00  1.41207e-02  1.57095e-02
1.401619792e+01  1.4225554e-02  4.05007e-04  1.00000e+00  1.42256e-02  1.57497e-02
1.415635990e+01  1.4522057e-02  4.14353e-04  1.00000e+00  1.45221e-02  1.58335e-02
1.429792350e+01  1.4401307e-02  4.24028e-04  1.00000e+00  1.44013e-02  1.58093e-02
1.444090274e+01  1.4526726e-02  4.34005e-04  1.00000e+00  1.45267e-02  1.58300e-02
1.458531176e+01  1.4086425e-02  4.44348e-04  1.00000e+00  1.40864e-02  1.57283e-02
1.473116488e+01  1.4067014e-02  4.55013e-04  1.00000e+00  1.40670e-02  1.57337e-02
1.487847653e+01  1.4571164e-02  4.66011e-04  1.00000e+00  1.45712e-02  1.58490e-02
1.502726129e+01  1.4114889e-02  4.77448e-04  1.00000e+00  1.41149e-02  1.57367e-02
1.517753391e+01  1.4207270e-02  4.89256e-04  1.00000e+00  1.42073e-02  1.57877e-02
1.532930925e+01  1.4267093e-02  5.01491e-04  1.00000e+00  1.42671e-02  1.57929e-02
1.548260234e+01  1.4332708e-02  5.14176e-04  1.00000e+00  1.43327e-02  1.58162e-02
1.563742836e+01  1.4512981e-02  5.27332e-04  1.00000e+00  1.45130e-02  1.58786e-02
1.579380265e+01  1.4540730e-02  5.41005e-04  1.00000e+00  1.45407e-02  1.58914e-02
1.595174067e+01  1.4503348e-02  5.55224e-04  1.00000e+00  1.45033e-02  1.58934e-02
1.611125808e+01  1.4335269e-02  5.70030e-04  1.00000e+00  1.43353e-02  1.58345e-02
1.627237066e+01  1.4442914e-02  5.85443e-04  1.00000e+00  1.44429e-02  1.58658e-02
1.643509437e+01  1.4201397e-02  6.01544e-04  1.00000e+00  1.42014e-02  1.57800e-02
1.659944531e+01  1.4519403e-02  6.18336e-04  1.00000e+00  1.45194e-02  1.58804e-02
1.676543976e+01  1.4310723e-02  6.35938e-04  1.00000e+00  1.43107e-02  1.58613e-02
1.693309416e+01  1.4435903e-02  6.54367e-04  1.00000e+00  1.44359e-02  1.58854e-02
