# Wave/freq Total
8.000000000e-01  2.7281574e-03
8.002666667e-01  2.7282374e-03
8.005334222e-01  2.7284166e-03
8.008002667e-01  2.7287215e-03
8.010672001e-01  2.7291708e-03
8.013342225e-01  2.7297711e-03
8.016013339e-01  2.7305165e-03
8.018685344e-01  2.7313892e-03
8.021358239e-01  2.7323645e-03
8.024032025e-01  2.7334158e-03
8.026706702e-01  2.7345202e-03
8.029382271e-01  2.7356615e-03
8.032058732e-01  2.7368326e-03
8.034736085e-01  2.7380355e-03
8.037414330e-01  2.7392817e-03
8.040093468e-01  2.7405923e-03
8.042773499e-01  2.7419978e-03
8.045454424e-01  2.7435355e-03
8.048136242e-01  2.7452458e-03
8.050818954e-01  2.7471656e-03
8.053502560e-01  2.7493213e-03
8.056187061e-01  2.7517247e-03
8.058872457e-01  2.7543721e-03
8.061558748e-01  2.7572505e-03
8.064245934e-01  2.7603471e-03
8.066934016e-01  2.7636600e-03
8.069622994e-01  2.7672054e-03
8.072312868e-01  2.7710176e-03
8.075003639e-01  2.7751390e-03
8.077695307e-01  2.7796037e-03
8.080387872e-01  2.7844174e-03
8.083081335e-01  2.7895413e-03
8.085775695e-01  2.7948860e-03
8.088470954e-01  2.8003157e-03
8.091167111e-01  2.8056642e-03
8.093864167e-01  2.8107552e-03
8.096562121e-01  2.8154239e-03
8.099260975e-01  2.8195347e-03
8.101960729e-01  2.8229950e-03
8.104661383e-01  2.8257636e-03
8.107362936e-01  2.8278559e-03
8.110065391e-01  2.8293445e-03
8.112768746e-01  2.8303534e-03
8.115473002e-01  2.8310434e-03
8.118178160e-01  2.8315888e-03
8.120884219e-01  2.8321487e-03
8.123591181e-01  2.8328409e-03
8.126299044e-01  2.8337250e-03
8.129007811e-01  2.8348014e-03
8.131717480e-01  2.8360284e-03
8.134428052e-01  2.8373521e-03
8.137139528e-01  2.8387399e-03
8.139851908e-01  2.8402100e-03
8.142565192e-01  2.8418508e-03
8.145279381e-01  2.8438299e-03
8.147994474e-01  2.8463935e-03
8.150710472e-01  2.8498619e-03
8.153427375e-01  2.8546205e-03
8.156145185e-01  2.8611022e-03
8.158863900e-01  2.8697527e-03
8.161583521e-01  2.8809721e-03
8.164304049e-01  2.8950295e-03
8.167025483e-01  2.9119613e-03
8.169747825e-01  2.9314740e-03
8.172471075e-01  2.9528780e-03
8.175195232e-01  2.9750800e-03
8.177920297e-01  2.9966486e-03
8.180646270e-01  3.0159517e-03
8.183373152e-01  3.0313495e-03
8.186100943e-01  3.0414121e-03
8.188829644e-01  3.0451274e-03
8.191559253e-01  3.0420633e-03
8.194289773e-01  3.0324506e-03
8.197021203e-01  3.0171666e-03
8.199753544e-01  2.9976146e-03
8.202486795e-01  2.9755175e-03
8.205220957e-01  2.9526674e-03
8.207956031e-01  2.9306827e-03
8.210692016e-01  2.9108192e-03
8.213428913e-01  2.8938679e-03
8.216166723e-01  2.8801398e-03
8.218905445e-01  2.8695261e-03
8.221645080e-01  2.8616024e-03
8.224385629e-01  2.8557540e-03
8.227127091e-01  2.8512978e-03
8.229869466e-01  2.8475891e-03
8.232612756e-01  2.8441031e-03
8.235356960e-01  2.8404840e-03
8.238102079e-01  2.8365616e-03
8.240848113e-01  2.8323349e-03
8.243595063e-01  2.8279299e-03
8.246342928e-01  2.8235442e-03
8.249091709e-01  2.8193896e-03
8.251841406e-01  2.8156454e-03
8.254592020e-01  2.8124282e-03
8.257343550e-01  2.8097823e-03
8.260095998e-01  2.8076887e-03
8.262849364e-01  2.8060873e-03
8.265603647e-01  2.8049032e-03
8.268358848e-01  2.8040697e-03
8.271114968e-01  2.8035426e-03
8.273872006e-01  2.8033004e-03
8.276629963e-01  2.8033325e-03
8.279388840e-01  2.8036202e-03
8.282148636e-01  2.8041173e-03
8.284909352e-01  2.8047377e-03
8.287670989e-01  2.8053566e-03
8.290433546e-01  2.8058248e-03
8.293197024e-01  2.8059953e-03
8.295961423e-01  2.8057526e-03
8.298726743e-01  2.8050375e-03
8.301492985e-01  2.8038590e-03
8.304260150e-01  2.8022908e-03
8.307028236e-01  2.8004538e-03
8.309797246e-01  2.7984901e-03
8.312567178e-01  2.7965377e-03
8.315338034e-01  2.7947100e-03
8.318109813e-01  2.7930854e-03
8.320882517e-01  2.7917053e-03
8.323656144e-01  2.7905791e-03
8.326430696e-01  2.7896929e-03
8.329206173e-01  2.7890202e-03
8.331982575e-01  2.7885319e-03
8.334759903e-01  2.7882054e-03
8.337538156e-01  2.7880290e-03
8.340317335e-01  2.7880001e-03
8.343097441e-01  2.7881172e-03
8.345878474e-01  2.7883662e-03
8.348660433e-01  2.7887089e-03
8.351443320e-01  2.7890767e-03
8.354227134e-01  2.7893764e-03
8.357011877e-01  2.7895063e-03
8.359797547e-01  2.7893786e-03
8.362584147e-01  2.7889399e-03
8.365371675e-01  2.7881839e-03
8.368160132e-01  2.7871510e-03
8.370949518e-01  2.7859174e-03
8.373739835e-01  2.7845777e-03
8.376531082e-01  2.7832271e-03
8.379323259e-01  2.7819484e-03
8.382116366e-01  2.7808058e-03
8.384910405e-01  2.7798450e-03
8.387705375e-01  2.7790953e-03
8.390501277e-01  2.7785713e-03
8.393298111e-01  2.7782734e-03
8.396095877e-01  2.7781854e-03
8.398894576e-01  2.7782742e-03
8.401694207e-01  2.7784915e-03
8.404494772e-01  2.7787793e-03
8.407296270e-01  2.7790785e-03
8.410098702e-01  2.7793362e-03
8.412902068e-01  2.7795124e-03
8.415706369e-01  2.7795819e-03
8.418511605e-01  2.7795349e-03
8.421317775e-01  2.7793749e-03
8.424124881e-01  2.7791170e-03
8.426932923e-01  2.7787858e-03
8.429741900e-01  2.7784131e-03
8.432551814e-01  2.7780355e-03
8.435362665e-01  2.7776885e-03
8.438174452e-01  2.7774014e-03
8.440987177e-01  2.7771907e-03
8.443800840e-01  2.7770581e-03
8.446615440e-01  2.7769923e-03
8.449430978e-01  2.7769759e-03
8.452247455e-01  2.7769936e-03
8.455064871e-01  2.7770375e-03
8.457883226e-01  2.7771072e-03
8.460702521e-01  2.7772034e-03
8.463522755e-01  2.7773191e-03
8.466343929e-01  2.7774339e-03
8.469166044e-01  2.7775128e-03
8.471989099e-01  2.7775124e-03
8.474813095e-01  2.7773908e-03
8.477638033e-01  2.7771167e-03
8.480463912e-01  2.7766743e-03
8.483290734e-01  2.7760636e-03
8.486118497e-01  2.7752960e-03
8.488947203e-01  2.7743898e-03
8.491776852e-01  2.7733669e-03
8.494607445e-01  2.7722516e-03
8.497438981e-01  2.7710729e-03
8.500271460e-01  2.7698668e-03
8.503104884e-01  2.7686779e-03
8.505939252e-01  2.7675573e-03
8.508774565e-01  2.7665565e-03
8.511610824e-01  2.7657191e-03
8.514448027e-01  2.7650701e-03
8.517286177e-01  2.7646092e-03
8.520125272e-01  2.7643074e-03
8.522965314e-01  2.7641121e-03
8.525806302e-01  2.7639569e-03
8.528648238e-01  2.7637760e-03
8.531491120e-01  2.7635160e-03
8.534334951e-01  2.7631437e-03
8.537179729e-01  2.7626457e-03
8.540025456e-01  2.7620210e-03
8.542872131e-01  2.7612704e-03
8.545719755e-01  2.7603867e-03
8.548568328e-01  2.7593513e-03
8.551417851e-01  2.7581385e-03
8.554268323e-01  2.7567261e-03
8.557119746e-01  2.7551089e-03
8.559972119e-01  2.7533078e-03
8.562825443e-01  2.7513723e-03
8.565679719e-01  2.7493740e-03
8.568534945e-01  2.7473953e-03
8.571391124e-01  2.7455163e-03
8.574248254e-01  2.7438044e-03
8.577106337e-01  2.7423095e-03
8.579965372e-01  2.7410634e-03
8.582825361e-01  2.7400813e-03
8.585686302e-01  2.7393642e-03
8.588548198e-01  2.7388987e-03
8.591411047e-01  2.7386570e-03
8.594274851e-01  2.7385974e-03
8.597139609e-01  2.7386665e-03
8.600005322e-01  2.7388044e-03
8.602871991e-01  2.7389512e-03
8.605739615e-01  2.7390519e-03
8.608608195e-01  2.7390592e-03
8.611477731e-01  2.7389323e-03
8.614348223e-01  2.7386353e-03
8.617219673e-01  2.7381367e-03
8.620092079e-01  2.7374134e-03
8.622965443e-01  2.7364589e-03
8.625839765e-01  2.7352915e-03
8.628715045e-01  2.7339578e-03
8.631591283e-01  2.7325286e-03
8.634468480e-01  2.7310859e-03
8.637346637e-01  2.7297052e-03
8.640225752e-01  2.7284406e-03
8.643105827e-01  2.7273164e-03
8.645986863e-01  2.7263299e-03
8.648868858e-01  2.7254621e-03
8.651751815e-01  2.7246918e-03
8.654635732e-01  2.7240077e-03
8.657520610e-01  2.7234126e-03
8.660406451e-01  2.7229186e-03
8.663293253e-01  2.7225376e-03
8.666181017e-01  2.7222691e-03
8.669069744e-01  2.7220930e-03
8.671959434e-01  2.7219694e-03
8.674850087e-01  2.7218468e-03
8.677741704e-01  2.7216746e-03
8.680634285e-01  2.7214169e-03
8.683527829e-01  2.7210606e-03
8.686422339e-01  2.7206170e-03
8.689317813e-01  2.7201157e-03
8.692214252e-01  2.7195937e-03
8.695111657e-01  2.7190824e-03
8.698010027e-01  2.7185985e-03
8.700909364e-01  2.7181378e-03
8.703809667e-01  2.7176773e-03
8.706710937e-01  2.7171814e-03
8.709613174e-01  2.7166131e-03
8.712516378e-01  2.7159455e-03
8.715420550e-01  2.7151712e-03
8.718325691e-01  2.7143050e-03
8.721231799e-01  2.7133803e-03
8.724138876e-01  2.7124401e-03
8.727046923e-01  2.7115250e-03
8.729955938e-01  2.7106635e-03
8.732865924e-01  2.7098661e-03
8.735776879e-01  2.7091256e-03
8.738688805e-01  2.7084203e-03
8.741601701e-01  2.7077204e-03
8.744515568e-01  2.7069942e-03
8.747430407e-01  2.7062146e-03
8.750346217e-01  2.7053645e-03
8.753262999e-01  2.7044425e-03
8.756180753e-01  2.7034673e-03
8.759099480e-01  2.7024785e-03
8.762019180e-01  2.7015335e-03
8.764939853e-01  2.7006973e-03
8.767861500e-01  2.7000289e-03
8.770784120e-01  2.6995654e-03
8.773707715e-01  2.6993104e-03
8.776632284e-01  2.6992302e-03
8.779557828e-01  2.6992598e-03
8.782484347e-01  2.6993180e-03
8.785411842e-01  2.6993268e-03
8.788340313e-01  2.6992283e-03
8.791269760e-01  2.6989946e-03
8.794200183e-01  2.6986282e-03
8.797131583e-01  2.6981548e-03
8.800063960e-01  2.6976113e-03
8.802997315e-01  2.6970360e-03
8.805931647e-01  2.6964616e-03
8.808866958e-01  2.6959127e-03
8.811803247e-01  2.6954059e-03
8.814740515e-01  2.6949502e-03
8.817678761e-01  2.6945469e-03
8.820617988e-01  2.6941901e-03
8.823558194e-01  2.6938679e-03
8.826499380e-01  2.6935667e-03
8.829441546e-01  2.6932782e-03
8.832384693e-01  2.6930062e-03
8.835328822e-01  2.6927715e-03
8.838273931e-01  2.6926124e-03
8.841220022e-01  2.6925789e-03
8.844167096e-01  2.6927237e-03
8.847115151e-01  2.6930905e-03
8.850064190e-01  2.6937043e-03
8.853014211e-01  2.6945674e-03
8.855965216e-01  2.6956600e-03
8.858917204e-01  2.6969469e-03
8.861870177e-01  2.6983870e-03
8.864824134e-01  2.6999424e-03
8.867779075e-01  2.7015861e-03
8.870735001e-01  2.7033073e-03
8.873691913e-01  2.7051151e-03
8.876649810e-01  2.7070437e-03
8.879608694e-01  2.7091593e-03
8.882568563e-01  2.7115689e-03
8.885529419e-01  2.7144265e-03
8.888491262e-01  2.7179323e-03
8.891454093e-01  2.7223179e-03
8.894417911e-01  2.7278139e-03
8.897382717e-01  2.7346003e-03
8.900348511e-01  2.7427465e-03
8.903315294e-01  2.7521533e-03
8.906283066e-01  2.7625140e-03
8.909251827e-01  2.7733128e-03
8.912221577e-01  2.7838678e-03
8.915192318e-01  2.7934208e-03
8.918164049e-01  2.8012556e-03
8.921136770e-01  2.8068202e-03
8.924110482e-01  2.8098216e-03
8.927085186e-01  2.8102702e-03
8.930060881e-01  2.8084647e-03
8.933037568e-01  2.8049243e-03
8.936015247e-01  2.8002910e-03
8.938993919e-01  2.7952269e-03
8.941973583e-01  2.7903298e-03
8.944954241e-01  2.7860780e-03
8.947935893e-01  2.7828072e-03
8.950918538e-01  2.7807083e-03
8.953902177e-01  2.7798379e-03
8.956886811e-01  2.7801312e-03
8.959872440e-01  2.7814181e-03
8.962859065e-01  2.7834437e-03
8.965846684e-01  2.7858982e-03
8.968835300e-01  2.7884562e-03
8.971824912e-01  2.7908187e-03
8.974815520e-01  2.7927467e-03
8.977807125e-01  2.7940794e-03
8.980799727e-01  2.7947333e-03
8.983793327e-01  2.7946879e-03
8.986787925e-01  2.7939675e-03
8.989783521e-01  2.7926264e-03
8.992780116e-01  2.7907417e-03
8.995777709e-01  2.7884084e-03
8.998776302e-01  2.7857345e-03
9.001775894e-01  2.7828330e-03
9.004776486e-01  2.7798098e-03
9.007778078e-01  2.7767539e-03
9.010780670e-01  2.7737297e-03
9.013784264e-01  2.7707757e-03
9.016788859e-01  2.7679086e-03
9.019794455e-01  2.7651298e-03
9.022801053e-01  2.7624351e-03
9.025808654e-01  2.7598236e-03
9.028817256e-01  2.7573070e-03
9.031826862e-01  2.7549143e-03
9.034837471e-01  2.7526935e-03
9.037849084e-01  2.7507056e-03
9.040861700e-01  2.7490137e-03
9.043875321e-01  2.7476695e-03
9.046889946e-01  2.7467002e-03
9.049905576e-01  2.7461014e-03
9.052922211e-01  2.7458374e-03
9.055939852e-01  2.7458495e-03
9.058958498e-01  2.7460685e-03
9.061978151e-01  2.7464277e-03
9.064998810e-01  2.7468734e-03
9.068020477e-01  2.7473694e-03
9.071043150e-01  2.7478967e-03
9.074066831e-01  2.7484503e-03
9.077091520e-01  2.7490350e-03
9.080117217e-01  2.7496616e-03
9.083143923e-01  2.7503462e-03
9.086171638e-01  2.7511104e-03
9.089200362e-01  2.7519842e-03
9.092230095e-01  2.7530098e-03
9.095260838e-01  2.7542463e-03
9.098292592e-01  2.7557726e-03
9.101325356e-01  2.7576872e-03
9.104359131e-01  2.7600996e-03
9.107393918e-01  2.7631112e-03
9.110429716e-01  2.7667852e-03
9.113466526e-01  2.7711127e-03
9.116504348e-01  2.7759842e-03
9.119543183e-01  2.7811828e-03
9.122583030e-01  2.7864092e-03
9.125623891e-01  2.7913376e-03
9.128665766e-01  2.7956908e-03
9.131708654e-01  2.7993090e-03
9.134752557e-01  2.8021883e-03
9.137797475e-01  2.8044735e-03
9.140843407e-01  2.8064071e-03
9.143890355e-01  2.8082545e-03
9.146938319e-01  2.8102297e-03
9.149987298e-01  2.8124473e-03
9.153037294e-01  2.8149101e-03
9.156088306e-01  2.8175283e-03
9.159140336e-01  2.8201564e-03
9.162193382e-01  2.8226334e-03
9.165247447e-01  2.8248136e-03
9.168302529e-01  2.8265855e-03
9.171358630e-01  2.8278798e-03
9.174415750e-01  2.8286686e-03
9.177473888e-01  2.8289584e-03
9.180533046e-01  2.8287792e-03
9.183593224e-01  2.8281723e-03
9.186654422e-01  2.8271820e-03
9.189716640e-01  2.8258519e-03
9.192779879e-01  2.8242290e-03
9.195844139e-01  2.8223722e-03
9.198909420e-01  2.8203600e-03
9.201975723e-01  2.8182962e-03
9.205043049e-01  2.8163104e-03
9.208111396e-01  2.8145553e-03
9.211180767e-01  2.8132004e-03
9.214251160e-01  2.8124217e-03
9.217322577e-01  2.8123845e-03
9.220395018e-01  2.8132209e-03
9.223468483e-01  2.8150049e-03
9.226542973e-01  2.8177354e-03
9.229618487e-01  2.8213391e-03
9.232695027e-01  2.8256978e-03
9.235772592e-01  2.8306988e-03
9.238851182e-01  2.8362950e-03
9.241930799e-01  2.8425539e-03
9.245011443e-01  2.8496778e-03
9.248093114e-01  2.8579826e-03
9.251175811e-01  2.8678371e-03
9.254259536e-01  2.8795742e-03
9.257344290e-01  2.8933916e-03
9.260430071e-01  2.9092636e-03
9.263516881e-01  2.9268822e-03
9.266604720e-01  2.9456429e-03
9.269693588e-01  2.9646842e-03
9.272783486e-01  2.9829822e-03
9.275874414e-01  2.9994873e-03
9.278966372e-01  3.0132818e-03
9.282059361e-01  3.0237240e-03
9.285153381e-01  3.0305483e-03
9.288248432e-01  3.0338967e-03
9.291344515e-01  3.0342782e-03
9.294441630e-01  3.0324683e-03
9.297539777e-01  3.0293748e-03
9.300638957e-01  3.0258983e-03
9.303739170e-01  3.0228149e-03
9.306840416e-01  3.0206934e-03
9.309942696e-01  3.0198550e-03
9.313046010e-01  3.0203701e-03
9.316150359e-01  3.0220880e-03
9.319255743e-01  3.0246882e-03
9.322362161e-01  3.0277471e-03
9.325469615e-01  3.0308098e-03
9.328578105e-01  3.0334606e-03
9.331687631e-01  3.0353814e-03
9.334798194e-01  3.0363918e-03
9.337909793e-01  3.0364616e-03
9.341022430e-01  3.0356965e-03
9.344136104e-01  3.0342992e-03
9.347250816e-01  3.0325188e-03
9.350366566e-01  3.0306005e-03
9.353483355e-01  3.0287492e-03
9.356601183e-01  3.0271111e-03
9.359720050e-01  3.0257734e-03
9.362839956e-01  3.0247713e-03
9.365960903e-01  3.0240951e-03
9.369082890e-01  3.0236940e-03
9.372205918e-01  3.0234765e-03
9.375329986e-01  3.0233170e-03
9.378455096e-01  3.0230727e-03
9.381581248e-01  3.0226128e-03
9.384708442e-01  3.0218527e-03
9.387836678e-01  3.0207806e-03
9.390965957e-01  3.0194649e-03
9.394096279e-01  3.0180365e-03
9.397227644e-01  3.0166498e-03
9.400360053e-01  3.0154367e-03
9.403493507e-01  3.0144696e-03
9.406628005e-01  3.0137453e-03
9.409763547e-01  3.0131960e-03
9.412900135e-01  3.0127191e-03
9.416037769e-01  3.0122143e-03
9.419176448e-01  3.0116133e-03
9.422316173e-01  3.0108931e-03
9.425456945e-01  3.0100716e-03
9.428598764e-01  3.0091884e-03
9.431741631e-01  3.0082830e-03
9.434885544e-01  3.0073767e-03
9.438030506e-01  3.0064662e-03
9.441176516e-01  3.0055291e-03
9.444323575e-01  3.0045386e-03
9.447471683e-01  3.0034807e-03
9.450620840e-01  3.0023672e-03
9.453771047e-01  3.0012406e-03
9.456922304e-01  3.0001674e-03
9.460074612e-01  2.9992236e-03
9.463227970e-01  2.9984763e-03
9.466382379e-01  2.9979683e-03
9.469537840e-01  2.9977102e-03
9.472694353e-01  2.9976820e-03
9.475851917e-01  2.9978428e-03
9.479010535e-01  2.9981426e-03
9.482170205e-01  2.9985301e-03
9.485330928e-01  2.9989536e-03
9.488492705e-01  2.9993572e-03
9.491655536e-01  2.9996768e-03
9.494819421e-01  2.9998421e-03
9.497984361e-01  2.9997851e-03
9.501150356e-01  2.9994519e-03
9.504317406e-01  2.9988109e-03
9.507485512e-01  2.9978554e-03
9.510654674e-01  2.9966004e-03
9.513824892e-01  2.9950804e-03
9.516996167e-01  2.9933518e-03
9.520168499e-01  2.9915007e-03
9.523341889e-01  2.9896517e-03
9.526516336e-01  2.9879673e-03
9.529691841e-01  2.9866335e-03
9.532868405e-01  2.9858320e-03
9.536046028e-01  2.9857053e-03
9.539224710e-01  2.9863264e-03
9.542404452e-01  2.9876809e-03
9.545585253e-01  2.9896682e-03
9.548767115e-01  2.9921189e-03
9.551950037e-01  2.9948249e-03
9.555134021e-01  2.9975722e-03
9.558319065e-01  3.0001725e-03
9.561505172e-01  3.0024855e-03
9.564692340e-01  3.0044321e-03
9.567880571e-01  3.0059970e-03
9.571069864e-01  3.0072220e-03
9.574260221e-01  3.0081911e-03
9.577451641e-01  3.0090095e-03
9.580644125e-01  3.0097795e-03
9.583837673e-01  3.0105781e-03
9.587032285e-01  3.0114385e-03
9.590227963e-01  3.0123411e-03
9.593424706e-01  3.0132140e-03
9.596622514e-01  3.0139443e-03
9.599821388e-01  3.0143980e-03
9.603021328e-01  3.0144463e-03
9.606222335e-01  3.0139956e-03
9.609424410e-01  3.0130163e-03
9.612627551e-01  3.0115621e-03
9.615831760e-01  3.0097741e-03
9.619037038e-01  3.0078617e-03
9.622243383e-01  3.0060632e-03
9.625450798e-01  3.0045951e-03
9.628659281e-01  3.0036034e-03
9.631868834e-01  3.0031353e-03
9.635079457e-01  3.0031411e-03
9.638291150e-01  3.0035046e-03
9.641503914e-01  3.0040904e-03
9.644717749e-01  3.0047882e-03
9.647932655e-01  3.0055376e-03
9.651148632e-01  3.0063252e-03
9.654365682e-01  3.0071602e-03
9.657583804e-01  3.0080435e-03
9.660802998e-01  3.0089463e-03
9.664023266e-01  3.0098097e-03
9.667244607e-01  3.0105620e-03
9.670467022e-01  3.0111434e-03
9.673690511e-01  3.0115268e-03
9.676915074e-01  3.0117235e-03
9.680140713e-01  3.0117766e-03
9.683367426e-01  3.0117486e-03
9.686595216e-01  3.0117124e-03
9.689824081e-01  3.0117495e-03
9.693054022e-01  3.0119515e-03
9.696285040e-01  3.0124177e-03
9.699517135e-01  3.0132427e-03
9.702750307e-01  3.0144917e-03
9.705984557e-01  3.0161743e-03
9.709219886e-01  3.0182241e-03
9.712456292e-01  3.0204976e-03
9.715693778e-01  3.0227930e-03
9.718932342e-01  3.0248880e-03
9.722171986e-01  3.0265831e-03
9.725412710e-01  3.0277413e-03
9.728654515e-01  3.0283119e-03
9.731897399e-01  3.0283333e-03
9.735141365e-01  3.0279160e-03
9.738386412e-01  3.0272105e-03
9.741632541e-01  3.0263693e-03
9.744879752e-01  3.0255147e-03
9.748128045e-01  3.0247193e-03
9.751377421e-01  3.0240047e-03
9.754627880e-01  3.0233546e-03
9.757879423e-01  3.0227365e-03
9.761132050e-01  3.0221221e-03
9.764385760e-01  3.0215003e-03
9.767640555e-01  3.0208778e-03
9.770896436e-01  3.0202742e-03
9.774153401e-01  3.0197144e-03
9.777411452e-01  3.0192235e-03
9.780670589e-01  3.0188265e-03
9.783930813e-01  3.0185477e-03
9.787192123e-01  3.0184092e-03
9.790454521e-01  3.0184251e-03
9.793718005e-01  3.0185935e-03
9.796982578e-01  3.0188906e-03
9.800248239e-01  3.0192698e-03
9.803514988e-01  3.0196666e-03
9.806782827e-01  3.0200101e-03
9.810051754e-01  3.0202345e-03
9.813321772e-01  3.0202889e-03
9.816592879e-01  3.0201415e-03
9.819865076e-01  3.0197776e-03
9.823138365e-01  3.0191927e-03
9.826412744e-01  3.0183845e-03
9.829688215e-01  3.0173465e-03
9.832964778e-01  3.0160670e-03
9.836242433e-01  3.0145338e-03
9.839521180e-01  3.0127416e-03
9.842801021e-01  3.0107011e-03
9.846081954e-01  3.0084429e-03
9.849363982e-01  3.0060167e-03
9.852647103e-01  3.0034839e-03
9.855931319e-01  3.0009069e-03
9.859216629e-01  2.9983373e-03
9.862503035e-01  2.9958075e-03
9.865790536e-01  2.9933278e-03
9.869079133e-01  2.9908910e-03
9.872368826e-01  2.9884813e-03
9.875659615e-01  2.9860869e-03
9.878951502e-01  2.9837089e-03
9.882244486e-01  2.9813665e-03
9.885538567e-01  2.9790946e-03
9.888833747e-01  2.9769367e-03
9.892130025e-01  2.9749341e-03
9.895427401e-01  2.9731177e-03
9.898725877e-01  2.9715036e-03
9.902025452e-01  2.9700959e-03
9.905326127e-01  2.9688957e-03
9.908627903e-01  2.9679106e-03
9.911930779e-01  2.9671602e-03
9.915234756e-01  2.9666716e-03
9.918539834e-01  2.9664651e-03
9.921846014e-01  2.9665332e-03
9.925153296e-01  2.9668242e-03
9.928461680e-01  2.9672393e-03
9.931771168e-01  2.9676477e-03
9.935081758e-01  2.9679152e-03
9.938393452e-01  2.9679359e-03
9.941706250e-01  2.9676523e-03
9.945020152e-01  2.9670580e-03
9.948335159e-01  2.9661831e-03
9.951651270e-01  2.9650713e-03
9.954968487e-01  2.9637622e-03
9.958286810e-01  2.9622850e-03
9.961606239e-01  2.9606653e-03
9.964926775e-01  2.9589390e-03
9.968248417e-01  2.9571625e-03
9.971571166e-01  2.9554137e-03
9.974895023e-01  2.9537791e-03
9.978219988e-01  2.9523329e-03
9.981546062e-01  2.9511164e-03
9.984873244e-01  2.9501255e-03
9.988201535e-01  2.9493143e-03
9.991530935e-01  2.9486123e-03
9.994861446e-01  2.9479497e-03
9.998193066e-01  2.9472815e-03
1.000152580e+00  2.9466009e-03
1.000485964e+00  2.9459382e-03
1.000819459e+00  2.9453448e-03
1.001153066e+00  2.9448683e-03
1.001486783e+00  2.9445277e-03
1.001820612e+00  2.9442951e-03
1.002154553e+00  2.9440933e-03
1.002488604e+00  2.9438101e-03
1.002822767e+00  2.9433282e-03
1.003157041e+00  2.9425605e-03
1.003491427e+00  2.9414799e-03
1.003825924e+00  2.9401316e-03
1.004160533e+00  2.9386214e-03
1.004495253e+00  2.9370834e-03
1.004830085e+00  2.9356387e-03
1.005165028e+00  2.9343587e-03
1.005500083e+00  2.9332467e-03
1.005835250e+00  2.9322431e-03
1.006170528e+00  2.9312483e-03
1.006505918e+00  2.9301548e-03
1.006841420e+00  2.9288768e-03
1.007177034e+00  2.9273679e-03
1.007512760e+00  2.9256270e-03
1.007848597e+00  2.9236930e-03
1.008184547e+00  2.9216340e-03
1.008520608e+00  2.9195345e-03
1.008856782e+00  2.9174813e-03
1.009193067e+00  2.9155505e-03
1.009529465e+00  2.9137933e-03
1.009865975e+00  2.9122261e-03
1.010202597e+00  2.9108264e-03
1.010539331e+00  2.9095394e-03
1.010876178e+00  2.9082945e-03
1.011213136e+00  2.9070286e-03
1.011550207e+00  2.9057071e-03
1.011887391e+00  2.9043358e-03
1.012224687e+00  2.9029562e-03
1.012562095e+00  2.9016262e-03
1.012899615e+00  2.9003929e-03
1.013237249e+00  2.8992699e-03
1.013574994e+00  2.8982304e-03
1.013912853e+00  2.8972210e-03
1.014250824e+00  2.8961914e-03
1.014588907e+00  2.8951259e-03
1.014927104e+00  2.8940620e-03
1.015265413e+00  2.8930830e-03
1.015603834e+00  2.8922884e-03
1.015942369e+00  2.8917517e-03
1.016281017e+00  2.8914851e-03
1.016619777e+00  2.8914267e-03
1.016958650e+00  2.8914555e-03
1.017297636e+00  2.8914263e-03
1.017636736e+00  2.8912107e-03
1.017975948e+00  2.8907271e-03
1.018315273e+00  2.8899521e-03
1.018654712e+00  2.8889121e-03
1.018994263e+00  2.8876658e-03
1.019333928e+00  2.8862861e-03
1.019673706e+00  2.8848493e-03
1.020013597e+00  2.8834312e-03
1.020353602e+00  2.8821053e-03
1.020693719e+00  2.8809368e-03
1.021033951e+00  2.8799721e-03
1.021374295e+00  2.8792246e-03
1.021714753e+00  2.8786664e-03
1.022055325e+00  2.8782293e-03
1.022396010e+00  2.8778188e-03
1.022736809e+00  2.8773360e-03
1.023077721e+00  2.8767003e-03
1.023418747e+00  2.8758659e-03
1.023759887e+00  2.8748266e-03
1.024101140e+00  2.8736092e-03
1.024442507e+00  2.8722594e-03
1.024783988e+00  2.8708258e-03
1.025125582e+00  2.8693462e-03
1.025467291e+00  2.8678411e-03
1.025809113e+00  2.8663128e-03
1.026151050e+00  2.8647505e-03
1.026493100e+00  2.8631369e-03
1.026835264e+00  2.8614564e-03
1.027177543e+00  2.8596995e-03
1.027519935e+00  2.8578684e-03
1.027862442e+00  2.8559784e-03
1.028205063e+00  2.8540606e-03
1.028547798e+00  2.8521604e-03
1.028890647e+00  2.8503332e-03
1.029233611e+00  2.8486355e-03
1.029576689e+00  2.8471118e-03
1.029919881e+00  2.8457820e-03
1.030263187e+00  2.8446314e-03
1.030606609e+00  2.8436099e-03
1.030950144e+00  2.8426394e-03
1.031293794e+00  2.8416307e-03
1.031637559e+00  2.8405040e-03
1.031981438e+00  2.8392077e-03
1.032325432e+00  2.8377317e-03
1.032669540e+00  2.8361087e-03
1.033013763e+00  2.8344053e-03
1.033358101e+00  2.8327019e-03
1.033702554e+00  2.8310692e-03
1.034047121e+00  2.8295465e-03
1.034391804e+00  2.8281303e-03
1.034736601e+00  2.8267777e-03
1.035081513e+00  2.8254256e-03
1.035426540e+00  2.8240180e-03
1.035771683e+00  2.8225323e-03
1.036116940e+00  2.8209927e-03
1.036462312e+00  2.8194645e-03
1.036807800e+00  2.8180301e-03
1.037153402e+00  2.8167562e-03
1.037499120e+00  2.8156656e-03
1.037844953e+00  2.8147255e-03
1.038190901e+00  2.8138586e-03
1.038536965e+00  2.8129708e-03
1.038883144e+00  2.8119869e-03
1.039229438e+00  2.8108804e-03
1.039575848e+00  2.8096853e-03
1.039922374e+00  2.8084893e-03
1.040269014e+00  2.8074101e-03
1.040615771e+00  2.8065633e-03
1.040962643e+00  2.8060318e-03
1.041309630e+00  2.8058448e-03
1.041656733e+00  2.8059695e-03
1.042003952e+00  2.8063171e-03
1.042351287e+00  2.8067593e-03
1.042698737e+00  2.8071521e-03
1.043046304e+00  2.8073612e-03
1.043393986e+00  2.8072843e-03
1.043741784e+00  2.8068667e-03
1.044089698e+00  2.8061082e-03
1.044437727e+00  2.8050604e-03
1.044785873e+00  2.8038155e-03
1.045134135e+00  2.8024898e-03
1.045482513e+00  2.8012029e-03
1.045831008e+00  2.8000566e-03
1.046179618e+00  2.7991172e-03
1.046528344e+00  2.7984022e-03
1.046877187e+00  2.7978774e-03
1.047226146e+00  2.7974645e-03
1.047575222e+00  2.7970595e-03
1.047924413e+00  2.7965586e-03
1.048273722e+00  2.7958828e-03
1.048623146e+00  2.7949973e-03
1.048972687e+00  2.7939171e-03
1.049322345e+00  2.7927001e-03
1.049672119e+00  2.7914289e-03
1.050022010e+00  2.7901903e-03
1.050372017e+00  2.7890562e-03
1.050722141e+00  2.7880705e-03
1.051072382e+00  2.7872451e-03
1.051422739e+00  2.7865598e-03
1.051773213e+00  2.7859684e-03
1.052123804e+00  2.7854060e-03
1.052474512e+00  2.7847990e-03
1.052825337e+00  2.7840771e-03
1.053176279e+00  2.7831857e-03
1.053527338e+00  2.7820979e-03
1.053878513e+00  2.7808223e-03
1.054229806e+00  2.7794058e-03
1.054581216e+00  2.7779300e-03
1.054932743e+00  2.7765012e-03
1.055284388e+00  2.7752358e-03
1.055636149e+00  2.7742430e-03
1.055988028e+00  2.7736050e-03
1.056340024e+00  2.7733588e-03
1.056692137e+00  2.7734831e-03
1.057044368e+00  2.7738942e-03
1.057396716e+00  2.7744549e-03
1.057749182e+00  2.7749978e-03
1.058101765e+00  2.7753568e-03
1.058454465e+00  2.7754010e-03
1.058807283e+00  2.7750601e-03
1.059160219e+00  2.7743347e-03
1.059513272e+00  2.7732906e-03
1.059866444e+00  2.7720391e-03
1.060219732e+00  2.7707109e-03
1.060573139e+00  2.7694291e-03
1.060926663e+00  2.7682892e-03
1.061280306e+00  2.7673471e-03
1.061634066e+00  2.7666193e-03
1.061987944e+00  2.7660912e-03
1.062341940e+00  2.7657314e-03
1.062696054e+00  2.7655060e-03
1.063050286e+00  2.7653875e-03
1.063404636e+00  2.7653552e-03
1.063759104e+00  2.7653891e-03
1.064113690e+00  2.7654613e-03
1.064468395e+00  2.7655315e-03
1.064823218e+00  2.7655508e-03
1.065178159e+00  2.7654726e-03
1.065533218e+00  2.7652660e-03
1.065888396e+00  2.7649250e-03
1.066243692e+00  2.7644689e-03
1.066599107e+00  2.7639334e-03
1.066954640e+00  2.7633581e-03
1.067310291e+00  2.7627770e-03
1.067666061e+00  2.7622155e-03
1.068021950e+00  2.7616966e-03
1.068377957e+00  2.7612495e-03
1.068734083e+00  2.7609143e-03
1.069090328e+00  2.7607376e-03
1.069446691e+00  2.7607582e-03
1.069803174e+00  2.7609878e-03
1.070159775e+00  2.7613955e-03
1.070516495e+00  2.7619055e-03
1.070873333e+00  2.7624110e-03
1.071230291e+00  2.7628037e-03
1.071587368e+00  2.7630069e-03
1.071944564e+00  2.7630032e-03
1.072301879e+00  2.7628433e-03
1.072659313e+00  2.7626328e-03
1.073016866e+00  2.7625011e-03
1.073374538e+00  2.7625634e-03
1.073732329e+00  2.7628900e-03
1.074090240e+00  2.7634928e-03
1.074448270e+00  2.7643296e-03
1.074806420e+00  2.7653212e-03
1.075164689e+00  2.7663711e-03
1.075523077e+00  2.7673791e-03
1.075881584e+00  2.7682478e-03
1.076240212e+00  2.7688853e-03
1.076598958e+00  2.7692107e-03
1.076957825e+00  2.7691654e-03
1.077316811e+00  2.7687297e-03
1.077675916e+00  2.7679367e-03
1.078035142e+00  2.7668772e-03
1.078394487e+00  2.7656903e-03
1.078753951e+00  2.7645412e-03
1.079113536e+00  2.7635916e-03
1.079473241e+00  2.7629708e-03
1.079833065e+00  2.7627551e-03
1.080193009e+00  2.7629603e-03
1.080553074e+00  2.7635479e-03
1.080913258e+00  2.7644442e-03
1.081273563e+00  2.7655669e-03
1.081633987e+00  2.7668524e-03
1.081994532e+00  2.7682788e-03
1.082355197e+00  2.7698771e-03
1.082715982e+00  2.7717306e-03
1.083076887e+00  2.7739599e-03
1.083437913e+00  2.7767002e-03
1.083799059e+00  2.7800716e-03
1.084160325e+00  2.7841522e-03
1.084521712e+00  2.7889564e-03
1.084883219e+00  2.7944279e-03
1.085244847e+00  2.8004493e-03
1.085606595e+00  2.8068715e-03
1.085968464e+00  2.8135541e-03
1.086330453e+00  2.8204060e-03
1.086692563e+00  2.8274092e-03
1.087054794e+00  2.8346171e-03
1.087417146e+00  2.8421242e-03
1.087779618e+00  2.8500193e-03
1.088142211e+00  2.8583423e-03
1.088504926e+00  2.8670598e-03
1.088867761e+00  2.8760723e-03
1.089230716e+00  2.8852458e-03
1.089593793e+00  2.8944564e-03
1.089956991e+00  2.9036262e-03
1.090320310e+00  2.9127374e-03
1.090683750e+00  2.9218211e-03
1.091047312e+00  2.9309251e-03
1.091410994e+00  2.9400759e-03
1.091774798e+00  2.9492497e-03
1.092138723e+00  2.9583601e-03
1.092502769e+00  2.9672664e-03
1.092866936e+00  2.9757949e-03
1.093231225e+00  2.9837642e-03
1.093595636e+00  2.9910072e-03
1.093960168e+00  2.9973852e-03
1.094324821e+00  3.0027962e-03
1.094689596e+00  3.0071809e-03
1.095054493e+00  3.0105312e-03
1.095419511e+00  3.0128998e-03
1.095784651e+00  3.0144096e-03
1.096149912e+00  3.0152544e-03
1.096515295e+00  3.0156852e-03
1.096880801e+00  3.0159826e-03
1.097246428e+00  3.0164148e-03
1.097612176e+00  3.0171941e-03
1.097978047e+00  3.0184395e-03
1.098344040e+00  3.0201583e-03
1.098710154e+00  3.0222517e-03
1.099076391e+00  3.0245447e-03
1.099442750e+00  3.0268300e-03
1.099809231e+00  3.0289155e-03
1.100175834e+00  3.0306582e-03
1.100542559e+00  3.0319786e-03
1.100909407e+00  3.0328512e-03
1.101276377e+00  3.0332841e-03
1.101643469e+00  3.0332969e-03
1.102010683e+00  3.0329133e-03
1.102378020e+00  3.0321701e-03
1.102745479e+00  3.0311397e-03
1.103113061e+00  3.0299485e-03
1.103480766e+00  3.0287796e-03
1.103848592e+00  3.0278501e-03
1.104216542e+00  3.0273680e-03
1.104584614e+00  3.0274854e-03
1.104952809e+00  3.0282652e-03
1.105321127e+00  3.0296738e-03
1.105689567e+00  3.0316030e-03
1.106058130e+00  3.0339099e-03
1.106426816e+00  3.0364609e-03
1.106795625e+00  3.0391648e-03
1.107164557e+00  3.0419862e-03
1.107533612e+00  3.0449372e-03
1.107902790e+00  3.0480507e-03
1.108272091e+00  3.0513437e-03
1.108641515e+00  3.0547820e-03
1.109011062e+00  3.0582600e-03
1.109380732e+00  3.0616049e-03
1.109750526e+00  3.0646093e-03
1.110120443e+00  3.0670842e-03
1.110490483e+00  3.0689140e-03
1.110860646e+00  3.0700943e-03
1.111230933e+00  3.0707359e-03
1.111601344e+00  3.0710341e-03
1.111971877e+00  3.0712144e-03
1.112342535e+00  3.0714763e-03
1.112713315e+00  3.0719530e-03
1.113084220e+00  3.0726988e-03
1.113455248e+00  3.0737039e-03
1.113826400e+00  3.0749223e-03
1.114197675e+00  3.0763009e-03
1.114569074e+00  3.0777960e-03
1.114940597e+00  3.0793742e-03
1.115312244e+00  3.0810028e-03
1.115684015e+00  3.0826394e-03
1.116055910e+00  3.0842320e-03
1.116427928e+00  3.0857286e-03
1.116800071e+00  3.0870948e-03
1.117172338e+00  3.0883241e-03
1.117544728e+00  3.0894327e-03
1.117917243e+00  3.0904380e-03
1.118289882e+00  3.0913322e-03
1.118662646e+00  3.0920673e-03
1.119035533e+00  3.0925632e-03
1.119408545e+00  3.0927376e-03
1.119781681e+00  3.0925415e-03
1.120154942e+00  3.0919811e-03
1.120528327e+00  3.0911136e-03
1.120901836e+00  3.0900192e-03
1.121275470e+00  3.0887666e-03
1.121649229e+00  3.0873904e-03
1.122023112e+00  3.0858920e-03
1.122397120e+00  3.0842603e-03
1.122771252e+00  3.0824979e-03
1.123145509e+00  3.0806375e-03
1.123519891e+00  3.0787372e-03
1.123894397e+00  3.0768605e-03
1.124269029e+00  3.0750532e-03
1.124643785e+00  3.0733314e-03
1.125018667e+00  3.0716910e-03
1.125393673e+00  3.0701337e-03
1.125768804e+00  3.0686964e-03
1.126144060e+00  3.0674675e-03
1.126519442e+00  3.0665784e-03
1.126894948e+00  3.0661734e-03
1.127270580e+00  3.0663689e-03
1.127646337e+00  3.0672209e-03
1.128022219e+00  3.0687130e-03
1.128398226e+00  3.0707699e-03
1.128774359e+00  3.0732859e-03
1.129150617e+00  3.0761592e-03
1.129527000e+00  3.0793190e-03
1.129903509e+00  3.0827413e-03
1.130280144e+00  3.0864554e-03
1.130656904e+00  3.0905417e-03
1.131033790e+00  3.0951198e-03
1.131410801e+00  3.1003239e-03
1.131787938e+00  3.1062600e-03
1.132165201e+00  3.1129492e-03
1.132542589e+00  3.1202734e-03
1.132920103e+00  3.1279450e-03
1.133297743e+00  3.1355237e-03
1.133675509e+00  3.1424888e-03
1.134053401e+00  3.1483515e-03
1.134431419e+00  3.1527744e-03
1.134809563e+00  3.1556569e-03
1.135187832e+00  3.1571546e-03
1.135566228e+00  3.1576276e-03
1.135944750e+00  3.1575379e-03
1.136323399e+00  3.1573335e-03
1.136702173e+00  3.1573579e-03
1.137081074e+00  3.1578075e-03
1.137460101e+00  3.1587341e-03
1.137839254e+00  3.1600777e-03
1.138218534e+00  3.1617026e-03
1.138597940e+00  3.1634250e-03
1.138977473e+00  3.1650282e-03
1.139357132e+00  3.1662764e-03
1.139736918e+00  3.1669375e-03
1.140116830e+00  3.1668187e-03
1.140496869e+00  3.1658053e-03
1.140877035e+00  3.1638887e-03
1.141257327e+00  3.1611695e-03
1.141637746e+00  3.1578325e-03
1.142018292e+00  3.1541001e-03
1.142398965e+00  3.1501831e-03
1.142779764e+00  3.1462439e-03
1.143160691e+00  3.1423817e-03
1.143541744e+00  3.1386400e-03
1.143922925e+00  3.1350273e-03
1.144304233e+00  3.1315407e-03
1.144685667e+00  3.1281817e-03
1.145067229e+00  3.1249626e-03
1.145448918e+00  3.1219047e-03
1.145830735e+00  3.1190338e-03
1.146212678e+00  3.1163778e-03
1.146594749e+00  3.1139675e-03
1.146976947e+00  3.1118395e-03
1.147359273e+00  3.1100401e-03
1.147741726e+00  3.1086254e-03
1.148124307e+00  3.1076592e-03
1.148507015e+00  3.1072080e-03
1.148889851e+00  3.1073340e-03
1.149272814e+00  3.1080876e-03
1.149655905e+00  3.1094975e-03
1.150039123e+00  3.1115584e-03
1.150422470e+00  3.1142170e-03
1.150805944e+00  3.1173581e-03
1.151189546e+00  3.1207982e-03
1.151573276e+00  3.1242901e-03
1.151957133e+00  3.1275456e-03
1.152341119e+00  3.1302747e-03
1.152725233e+00  3.1322357e-03
1.153109475e+00  3.1332839e-03
1.153493844e+00  3.1334049e-03
1.153878342e+00  3.1327187e-03
1.154262969e+00  3.1314527e-03
1.154647723e+00  3.1298851e-03
1.155032605e+00  3.1282763e-03
1.155417616e+00  3.1268083e-03
1.155802756e+00  3.1255514e-03
1.156188023e+00  3.1244697e-03
1.156573419e+00  3.1234628e-03
1.156958944e+00  3.1224277e-03
1.157344597e+00  3.1213178e-03
1.157730378e+00  3.1201763e-03
1.158116288e+00  3.1191311e-03
1.158502327e+00  3.1183545e-03
1.158888494e+00  3.1180023e-03
1.159274791e+00  3.1181571e-03
1.159661216e+00  3.1187949e-03
1.160047769e+00  3.1197878e-03
1.160434452e+00  3.1209398e-03
1.160821263e+00  3.1220411e-03
1.161208204e+00  3.1229240e-03
1.161595273e+00  3.1235034e-03
1.161982472e+00  3.1237896e-03
1.162369799e+00  3.1238742e-03
1.162757256e+00  3.1238942e-03
1.163144841e+00  3.1239858e-03
1.163532556e+00  3.1242430e-03
1.163920401e+00  3.1246915e-03
1.164308374e+00  3.1252872e-03
1.164696477e+00  3.1259373e-03
1.165084709e+00  3.1265379e-03
1.165473071e+00  3.1270123e-03
1.165861562e+00  3.1273372e-03
1.166250182e+00  3.1275454e-03
1.166638932e+00  3.1277063e-03
1.167027812e+00  3.1278902e-03
1.167416821e+00  3.1281346e-03
1.167805960e+00  3.1284215e-03
1.168195229e+00  3.1286773e-03
1.168584627e+00  3.1287933e-03
1.168974155e+00  3.1286596e-03
1.169363813e+00  3.1282026e-03
1.169753601e+00  3.1274151e-03
1.170143519e+00  3.1263708e-03
1.170533567e+00  3.1252211e-03
1.170923745e+00  3.1241720e-03
1.171314053e+00  3.1234478e-03
1.171704491e+00  3.1232474e-03
1.172095059e+00  3.1237040e-03
1.172485757e+00  3.1248575e-03
1.172876586e+00  3.1266449e-03
1.173267545e+00  3.1289113e-03
1.173658634e+00  3.1314349e-03
1.174049853e+00  3.1339598e-03
1.174441203e+00  3.1362282e-03
1.174832684e+00  3.1380088e-03
1.175224295e+00  3.1391217e-03
1.175616036e+00  3.1394579e-03
1.176007908e+00  3.1389946e-03
1.176399911e+00  3.1378000e-03
1.176792044e+00  3.1360261e-03
1.177184308e+00  3.1338866e-03
1.177576703e+00  3.1316211e-03
1.177969228e+00  3.1294561e-03
1.178361885e+00  3.1275653e-03
1.178754672e+00  3.1260418e-03
1.179147590e+00  3.1248853e-03
1.179540640e+00  3.1240086e-03
1.179933820e+00  3.1232627e-03
1.180327131e+00  3.1224746e-03
1.180720573e+00  3.1214912e-03
1.181114147e+00  3.1202184e-03
1.181507852e+00  3.1186457e-03
1.181901688e+00  3.1168505e-03
1.182295655e+00  3.1149810e-03
1.182689753e+00  3.1132221e-03
1.183083983e+00  3.1117534e-03
1.183478345e+00  3.1107090e-03
1.183872837e+00  3.1101506e-03
1.184267462e+00  3.1100593e-03
1.184662218e+00  3.1103483e-03
1.185057105e+00  3.1108918e-03
1.185452124e+00  3.1115605e-03
1.185847275e+00  3.1122518e-03
1.186242557e+00  3.1129054e-03
1.186637971e+00  3.1135004e-03
1.187033517e+00  3.1140382e-03
1.187429195e+00  3.1145186e-03
1.187825005e+00  3.1149214e-03
1.188220947e+00  3.1151986e-03
1.188617020e+00  3.1152773e-03
1.189013226e+00  3.1150712e-03
1.189409564e+00  3.1144935e-03
1.189806033e+00  3.1134685e-03
1.190202635e+00  3.1119411e-03
1.190599370e+00  3.1098861e-03
1.190996236e+00  3.1073173e-03
1.191393235e+00  3.1042959e-03
1.191790366e+00  3.1009338e-03
1.192187629e+00  3.0973895e-03
1.192585025e+00  3.0938524e-03
1.192982554e+00  3.0905184e-03
1.193380214e+00  3.0875615e-03
1.193778008e+00  3.0851081e-03
1.194175934e+00  3.0832196e-03
1.194573993e+00  3.0818878e-03
1.194972184e+00  3.0810441e-03
1.195370508e+00  3.0805775e-03
1.195768965e+00  3.0803585e-03
1.196167554e+00  3.0802628e-03
1.196566277e+00  3.0801888e-03
1.196965132e+00  3.0800655e-03
1.197364121e+00  3.0798512e-03
1.197763242e+00  3.0795240e-03
1.198162497e+00  3.0790704e-03
1.198561884e+00  3.0784770e-03
1.198961405e+00  3.0777294e-03
1.199361058e+00  3.0768186e-03
1.199760845e+00  3.0757500e-03
1.200160766e+00  3.0745494e-03
1.200560819e+00  3.0732587e-03
1.200961006e+00  3.0719233e-03
1.201361327e+00  3.0705738e-03
1.201761780e+00  3.0692112e-03
1.202162368e+00  3.0678026e-03
1.202563088e+00  3.0662926e-03
1.202963943e+00  3.0646268e-03
1.203364931e+00  3.0627812e-03
1.203766052e+00  3.0607855e-03
1.204167308e+00  3.0587305e-03
1.204568697e+00  3.0567555e-03
1.204970220e+00  3.0550166e-03
1.205371876e+00  3.0536430e-03
1.205773667e+00  3.0526979e-03
1.206175592e+00  3.0521537e-03
1.206577650e+00  3.0518946e-03
1.206979843e+00  3.0517449e-03
1.207382169e+00  3.0515182e-03
1.207784630e+00  3.0510687e-03
1.208187225e+00  3.0503313e-03
1.208589954e+00  3.0493349e-03
1.208992817e+00  3.0481860e-03
1.209395815e+00  3.0470278e-03
1.209798947e+00  3.0459863e-03
1.210202213e+00  3.0451233e-03
1.210605614e+00  3.0444086e-03
1.211009149e+00  3.0437242e-03
1.211412819e+00  3.0428978e-03
1.211816623e+00  3.0417579e-03
1.212220562e+00  3.0401914e-03
1.212624636e+00  3.0381851e-03
1.213028844e+00  3.0358372e-03
1.213433187e+00  3.0333333e-03
1.213837664e+00  3.0308946e-03
1.214242277e+00  3.0287163e-03
1.214647024e+00  3.0269133e-03
1.215051907e+00  3.0254942e-03
1.215456924e+00  3.0243677e-03
1.215862076e+00  3.0233813e-03
1.216267364e+00  3.0223753e-03
1.216672786e+00  3.0212371e-03
1.217078344e+00  3.0199372e-03
1.217484037e+00  3.0185364e-03
1.217889865e+00  3.0171659e-03
1.218295828e+00  3.0159872e-03
1.218701926e+00  3.0151452e-03
1.219108160e+00  3.0147274e-03
1.219514530e+00  3.0147390e-03
1.219921035e+00  3.0150969e-03
1.220327675e+00  3.0156428e-03
1.220734451e+00  3.0161711e-03
1.221141362e+00  3.0164657e-03
1.221548410e+00  3.0163402e-03
1.221955592e+00  3.0156724e-03
1.222362911e+00  3.0144262e-03
1.222770365e+00  3.0126562e-03
1.223177955e+00  3.0104932e-03
1.223585681e+00  3.0081144e-03
1.223993543e+00  3.0057065e-03
1.224401541e+00  3.0034304e-03
1.224809675e+00  3.0013957e-03
1.225217945e+00  2.9996499e-03
1.225626351e+00  2.9981818e-03
1.226034893e+00  2.9969369e-03
1.226443571e+00  2.9958399e-03
1.226852386e+00  2.9948177e-03
1.227261336e+00  2.9938182e-03
1.227670424e+00  2.9928217e-03
1.228079647e+00  2.9918405e-03
1.228489007e+00  2.9909103e-03
1.228898503e+00  2.9900743e-03
1.229308136e+00  2.9893666e-03
1.229717905e+00  2.9887984e-03
1.230127811e+00  2.9883517e-03
1.230537854e+00  2.9879814e-03
1.230948033e+00  2.9876231e-03
1.231358349e+00  2.9872068e-03
1.231768802e+00  2.9866700e-03
1.232179392e+00  2.9859693e-03
1.232590118e+00  2.9850866e-03
1.233000982e+00  2.9840293e-03
1.233411982e+00  2.9828252e-03
1.233823119e+00  2.9815127e-03
1.234234394e+00  2.9801299e-03
1.234645805e+00  2.9787037e-03
1.235057354e+00  2.9772431e-03
1.235469039e+00  2.9757388e-03
1.235880862e+00  2.9741700e-03
1.236292823e+00  2.9725179e-03
1.236704920e+00  2.9707804e-03
1.237117155e+00  2.9689850e-03
1.237529528e+00  2.9671924e-03
1.237942038e+00  2.9654883e-03
1.238354685e+00  2.9639654e-03
1.238767470e+00  2.9626995e-03
1.239180392e+00  2.9617269e-03
1.239593452e+00  2.9610301e-03
1.240006650e+00  2.9605361e-03
1.240419986e+00  2.9601285e-03
1.240833459e+00  2.9596685e-03
1.241247070e+00  2.9590224e-03
1.241660819e+00  2.9580857e-03
1.242074706e+00  2.9568025e-03
1.242488731e+00  2.9551751e-03
1.242902894e+00  2.9532639e-03
1.243317195e+00  2.9511783e-03
1.243731634e+00  2.9490583e-03
1.244146211e+00  2.9470509e-03
1.244560927e+00  2.9452824e-03
1.244975780e+00  2.9438341e-03
1.245390772e+00  2.9427235e-03
1.245805903e+00  2.9418989e-03
1.246221171e+00  2.9412467e-03
1.246636578e+00  2.9406126e-03
1.247052124e+00  2.9398311e-03
1.247467808e+00  2.9387599e-03
1.247883630e+00  2.9373111e-03
1.248299592e+00  2.9354731e-03
1.248715691e+00  2.9333176e-03
1.249131930e+00  2.9309882e-03
1.249548307e+00  2.9286727e-03
1.249964823e+00  2.9265649e-03
1.250381478e+00  2.9248260e-03
1.250798272e+00  2.9235552e-03
1.251215205e+00  2.9227747e-03
1.251632277e+00  2.9224316e-03
1.252049487e+00  2.9224148e-03
1.252466837e+00  2.9225816e-03
1.252884326e+00  2.9227897e-03
1.253301954e+00  2.9229288e-03
1.253719722e+00  2.9229463e-03
1.254137628e+00  2.9228597e-03
1.254555674e+00  2.9227519e-03
1.254973859e+00  2.9227479e-03
1.255392184e+00  2.9229766e-03
1.255810648e+00  2.9235305e-03
1.256229252e+00  2.9244329e-03
1.256647995e+00  2.9256251e-03
1.257066877e+00  2.9269769e-03
1.257485900e+00  2.9283176e-03
1.257905062e+00  2.9294779e-03
1.258324363e+00  2.9303303e-03
1.258743805e+00  2.9308179e-03
1.259163386e+00  2.9309634e-03
1.259583107e+00  2.9308585e-03
1.260002968e+00  2.9306362e-03
1.260422969e+00  2.9304342e-03
1.260843110e+00  2.9303607e-03
1.261263391e+00  2.9304702e-03
1.261683812e+00  2.9307563e-03
1.262104374e+00  2.9311634e-03
1.262525075e+00  2.9316104e-03
1.262945917e+00  2.9320195e-03
1.263366899e+00  2.9323391e-03
1.263788021e+00  2.9325527e-03
1.264209284e+00  2.9326727e-03
1.264630687e+00  2.9327226e-03
1.265052230e+00  2.9327169e-03
1.265473914e+00  2.9326483e-03
1.265895739e+00  2.9324891e-03
1.266317704e+00  2.9322044e-03
1.266739810e+00  2.9317725e-03
1.267162057e+00  2.9312017e-03
1.267584444e+00  2.9305359e-03
1.268006972e+00  2.9298467e-03
1.268429641e+00  2.9292166e-03
1.268852451e+00  2.9287198e-03
1.269275402e+00  2.9284077e-03
1.269698494e+00  2.9283037e-03
1.270121727e+00  2.9284053e-03
1.270545100e+00  2.9286898e-03
1.270968616e+00  2.9291190e-03
1.271392272e+00  2.9296404e-03
1.271816069e+00  2.9301852e-03
1.272240008e+00  2.9306673e-03
1.272664088e+00  2.9309887e-03
1.273088309e+00  2.9310505e-03
1.273512672e+00  2.9307721e-03
1.273937176e+00  2.9301117e-03
1.274361822e+00  2.9290830e-03
1.274786609e+00  2.9277622e-03
1.275211538e+00  2.9262812e-03
1.275636609e+00  2.9248076e-03
1.276061821e+00  2.9235157e-03
1.276487175e+00  2.9225513e-03
1.276912670e+00  2.9220017e-03
1.277338308e+00  2.9218740e-03
1.277764087e+00  2.9220907e-03
1.278190009e+00  2.9225039e-03
1.278616072e+00  2.9229287e-03
1.279042278e+00  2.9231861e-03
1.279468625e+00  2.9231483e-03
1.279895114e+00  2.9227703e-03
1.280321746e+00  2.9221000e-03
1.280748520e+00  2.9212603e-03
1.281175436e+00  2.9204096e-03
1.281602495e+00  2.9196957e-03
1.282029696e+00  2.9192182e-03
1.282457039e+00  2.9190161e-03
1.282884524e+00  2.9190812e-03
1.283312153e+00  2.9193892e-03
1.283739923e+00  2.9199301e-03
1.284167837e+00  2.9207205e-03
1.284595893e+00  2.9217913e-03
1.285024091e+00  2.9231565e-03
1.285452433e+00  2.9247794e-03
1.285880917e+00  2.9265549e-03
1.286309544e+00  2.9283186e-03
1.286738314e+00  2.9298816e-03
1.287167226e+00  2.9310800e-03
1.287596282e+00  2.9318214e-03
1.288025481e+00  2.9321131e-03
1.288454823e+00  2.9320606e-03
1.288884308e+00  2.9318347e-03
1.289313936e+00  2.9316154e-03
1.289743707e+00  2.9315280e-03
1.290173622e+00  2.9315955e-03
1.290603679e+00  2.9317239e-03
1.291033881e+00  2.9317329e-03
1.291464225e+00  2.9314245e-03
1.291894713e+00  2.9306645e-03
1.292325345e+00  2.9294504e-03
1.292756120e+00  2.9279339e-03
1.293187039e+00  2.9263928e-03
1.293618101e+00  2.9251573e-03
1.294049307e+00  2.9245211e-03
1.294480657e+00  2.9246641e-03
1.294912151e+00  2.9256137e-03
1.295343788e+00  2.9272504e-03
1.295775569e+00  2.9293508e-03
1.296207494e+00  2.9316521e-03
1.296639564e+00  2.9339144e-03
1.297071777e+00  2.9359682e-03
1.297504134e+00  2.9377343e-03
1.297936635e+00  2.9392186e-03
1.298369281e+00  2.9404850e-03
1.298802071e+00  2.9416200e-03
1.299235005e+00  2.9426985e-03
1.299668083e+00  2.9437601e-03
1.300101306e+00  2.9448020e-03
1.300534673e+00  2.9457861e-03
1.300968184e+00  2.9466579e-03
1.301401840e+00  2.9473688e-03
1.301835641e+00  2.9478978e-03
1.302269586e+00  2.9482666e-03
1.302703676e+00  2.9485453e-03
1.303137911e+00  2.9488484e-03
1.303572290e+00  2.9493194e-03
1.304006814e+00  2.9501069e-03
1.304441483e+00  2.9513383e-03
1.304876297e+00  2.9530945e-03
1.305311256e+00  2.9553935e-03
1.305746359e+00  2.9581858e-03
1.306181608e+00  2.9613604e-03
1.306617002e+00  2.9647581e-03
1.307052541e+00  2.9681887e-03
1.307488225e+00  2.9714468e-03
1.307924055e+00  2.9743301e-03
1.308360029e+00  2.9766584e-03
1.308796149e+00  2.9782996e-03
1.309232415e+00  2.9791978e-03
1.309668825e+00  2.9793978e-03
1.310105382e+00  2.9790557e-03
1.310542084e+00  2.9784281e-03
1.310978931e+00  2.9778355e-03
1.311415924e+00  2.9776079e-03
1.311853063e+00  2.9780237e-03
1.312290347e+00  2.9792564e-03
1.312727777e+00  2.9813437e-03
1.313165353e+00  2.9841867e-03
1.313603075e+00  2.9875787e-03
1.314040942e+00  2.9912570e-03
1.314478956e+00  2.9949624e-03
1.314917116e+00  2.9984914e-03
1.315355421e+00  3.0017253e-03
1.315793873e+00  3.0046314e-03
1.316232471e+00  3.0072400e-03
1.316671215e+00  3.0096087e-03
1.317110106e+00  3.0117916e-03
1.317549142e+00  3.0138236e-03
1.317988325e+00  3.0157249e-03
1.318427655e+00  3.0175165e-03
1.318867131e+00  3.0192400e-03
1.319306753e+00  3.0209652e-03
1.319746522e+00  3.0227835e-03
1.320186438e+00  3.0247879e-03
1.320626500e+00  3.0270474e-03
1.321066709e+00  3.0295866e-03
1.321507064e+00  3.0323796e-03
1.321947567e+00  3.0353605e-03
1.322388216e+00  3.0384475e-03
1.322829012e+00  3.0415707e-03
1.323269955e+00  3.0446956e-03
1.323711045e+00  3.0478330e-03
1.324152282e+00  3.0510373e-03
1.324593666e+00  3.0543962e-03
1.325035197e+00  3.0580199e-03
1.325476875e+00  3.0620341e-03
1.325918701e+00  3.0665775e-03
1.326360674e+00  3.0718007e-03
1.326802794e+00  3.0778604e-03
1.327245062e+00  3.0849068e-03
1.327687477e+00  3.0930662e-03
1.328130039e+00  3.1024224e-03
1.328572749e+00  3.1130050e-03
1.329015607e+00  3.1247863e-03
1.329458612e+00  3.1376882e-03
1.329901765e+00  3.1515985e-03
1.330345066e+00  3.1663893e-03
1.330788514e+00  3.1819344e-03
1.331232110e+00  3.1981170e-03
1.331675854e+00  3.2148207e-03
1.332119746e+00  3.2319030e-03
1.332563786e+00  3.2491551e-03
1.333007974e+00  3.2662622e-03
1.333452310e+00  3.2827871e-03
1.333896794e+00  3.2981906e-03
1.334341426e+00  3.3118956e-03
1.334786207e+00  3.3233810e-03
1.335231136e+00  3.3322799e-03
1.335676213e+00  3.3384552e-03
1.336121438e+00  3.3420317e-03
1.336566812e+00  3.3433826e-03
1.337012334e+00  3.3430751e-03
1.337458005e+00  3.3417921e-03
1.337903824e+00  3.3402396e-03
1.338349792e+00  3.3390570e-03
1.338795909e+00  3.3387363e-03
1.339242174e+00  3.3395636e-03
1.339688588e+00  3.3415929e-03
1.340135151e+00  3.3446596e-03
1.340581863e+00  3.3484293e-03
1.341028723e+00  3.3524751e-03
1.341475733e+00  3.3563649e-03
1.341922891e+00  3.3597408e-03
1.342370199e+00  3.3623761e-03
1.342817656e+00  3.3642007e-03
1.343265262e+00  3.3652950e-03
1.343713017e+00  3.3658571e-03
1.344160921e+00  3.3661517e-03
1.344608975e+00  3.3664538e-03
1.345057178e+00  3.3669939e-03
1.345505530e+00  3.3679210e-03
1.345954032e+00  3.3692882e-03
1.346402683e+00  3.3710676e-03
1.346851484e+00  3.3731852e-03
1.347300435e+00  3.3755631e-03
1.347749535e+00  3.3781503e-03
1.348198785e+00  3.3809261e-03
1.348648184e+00  3.3838793e-03
1.349097734e+00  3.3869741e-03
1.349547433e+00  3.3901257e-03
1.349997282e+00  3.3932011e-03
1.350447281e+00  3.3960470e-03
1.350897430e+00  3.3985312e-03
1.351347729e+00  3.4005789e-03
1.351798179e+00  3.4021844e-03
1.352248778e+00  3.4033981e-03
1.352699528e+00  3.4042998e-03
1.353150427e+00  3.4049752e-03
1.353601478e+00  3.4055075e-03
1.354052678e+00  3.4059867e-03
1.354504029e+00  3.4065229e-03
1.354955530e+00  3.4072499e-03
1.355407182e+00  3.4083070e-03
1.355858985e+00  3.4098016e-03
1.356310938e+00  3.4117661e-03
1.356763041e+00  3.4141286e-03
1.357215296e+00  3.4167153e-03
1.357667701e+00  3.4192868e-03
1.358120257e+00  3.4215973e-03
1.358572963e+00  3.4234570e-03
1.359025821e+00  3.4247724e-03
1.359478830e+00  3.4255528e-03
1.359931989e+00  3.4258830e-03
1.360385300e+00  3.4258772e-03
1.360838762e+00  3.4256366e-03
1.361292375e+00  3.4252270e-03
1.361746139e+00  3.4246822e-03
1.362200054e+00  3.4240256e-03
1.362654121e+00  3.4232954e-03
1.363108339e+00  3.4225607e-03
1.363562708e+00  3.4219219e-03
1.364017229e+00  3.4214958e-03
1.364471902e+00  3.4213937e-03
1.364926726e+00  3.4217003e-03
1.365381701e+00  3.4224593e-03
1.365836828e+00  3.4236690e-03
1.366292107e+00  3.4252894e-03
1.366747538e+00  3.4272593e-03
1.367203120e+00  3.4295144e-03
1.367658855e+00  3.4320011e-03
1.368114741e+00  3.4346764e-03
1.368570779e+00  3.4374949e-03
1.369026970e+00  3.4403881e-03
1.369483312e+00  3.4432505e-03
1.369939806e+00  3.4459387e-03
1.370396453e+00  3.4482916e-03
1.370853252e+00  3.4501598e-03
1.371310203e+00  3.4514353e-03
1.371767306e+00  3.4520672e-03
1.372224562e+00  3.4520593e-03
1.372681970e+00  3.4514556e-03
1.373139531e+00  3.4503214e-03
1.373597244e+00  3.4487295e-03
1.374055110e+00  3.4467554e-03
1.374513128e+00  3.4444785e-03
1.374971299e+00  3.4419827e-03
1.375429623e+00  3.4393561e-03
1.375888100e+00  3.4366858e-03
1.376346729e+00  3.4340531e-03
1.376805511e+00  3.4315302e-03
1.377264446e+00  3.4291809e-03
1.377723534e+00  3.4270630e-03
1.378182776e+00  3.4252314e-03
1.378642170e+00  3.4237382e-03
1.379101717e+00  3.4226264e-03
1.379561418e+00  3.4219203e-03
1.380021272e+00  3.4216100e-03
1.380481279e+00  3.4216377e-03
1.380941439e+00  3.4218908e-03
1.381401753e+00  3.4222094e-03
1.381862220e+00  3.4224089e-03
1.382322841e+00  3.4223164e-03
1.382783615e+00  3.4218084e-03
1.383244543e+00  3.4208393e-03
1.383705625e+00  3.4194515e-03
1.384166860e+00  3.4177665e-03
1.384628249e+00  3.4159617e-03
1.385089792e+00  3.4142433e-03
1.385551488e+00  3.4128217e-03
1.386013339e+00  3.4118917e-03
1.386475343e+00  3.4116156e-03
1.386937502e+00  3.4121081e-03
1.387399814e+00  3.4134181e-03
1.387862281e+00  3.4155165e-03
1.388324901e+00  3.4182894e-03
1.388787676e+00  3.4215464e-03
1.389250606e+00  3.4250430e-03
1.389713689e+00  3.4285166e-03
1.390176927e+00  3.4317275e-03
1.390640319e+00  3.4344947e-03
1.391103866e+00  3.4367184e-03
1.391567567e+00  3.4383816e-03
1.392031423e+00  3.4395343e-03
1.392495434e+00  3.4402675e-03
1.392959599e+00  3.4406863e-03
1.393423919e+00  3.4408939e-03
1.393888393e+00  3.4409886e-03
1.394353023e+00  3.4410709e-03
1.394817807e+00  3.4412515e-03
1.395282746e+00  3.4416520e-03
1.395747841e+00  3.4423925e-03
1.396213090e+00  3.4435661e-03
1.396678494e+00  3.4452114e-03
1.397144054e+00  3.4472904e-03
1.397609769e+00  3.4496846e-03
1.398075638e+00  3.4522095e-03
1.398541664e+00  3.4546460e-03
1.399007844e+00  3.4567784e-03
1.399474180e+00  3.4584314e-03
1.399940672e+00  3.4594996e-03
1.400407318e+00  3.4599637e-03
1.400874121e+00  3.4598952e-03
1.401341079e+00  3.4594440e-03
1.401808193e+00  3.4588138e-03
1.402275462e+00  3.4582245e-03
1.402742887e+00  3.4578745e-03
1.403210468e+00  3.4579066e-03
1.403678205e+00  3.4583916e-03
1.404146098e+00  3.4593290e-03
1.404614146e+00  3.4606627e-03
1.405082351e+00  3.4623032e-03
1.405550712e+00  3.4641495e-03
1.406019229e+00  3.4661069e-03
1.406487902e+00  3.4681000e-03
1.406956731e+00  3.4700824e-03
1.407425717e+00  3.4720431e-03
1.407894859e+00  3.4740048e-03
1.408364157e+00  3.4760143e-03
1.408833612e+00  3.4781228e-03
1.409303223e+00  3.4803627e-03
1.409772991e+00  3.4827312e-03
1.410242915e+00  3.4851856e-03
1.410712996e+00  3.4876542e-03
1.411183234e+00  3.4900557e-03
1.411653628e+00  3.4923175e-03
1.412124179e+00  3.4943859e-03
1.412594887e+00  3.4962267e-03
1.413065752e+00  3.4978219e-03
1.413536774e+00  3.4991702e-03
1.414007953e+00  3.5002931e-03
1.414479289e+00  3.5012429e-03
1.414950782e+00  3.5020997e-03
1.415422432e+00  3.5029528e-03
1.415894240e+00  3.5038655e-03
1.416366205e+00  3.5048414e-03
1.416838327e+00  3.5058074e-03
1.417310606e+00  3.5066307e-03
1.417783043e+00  3.5071647e-03
1.418255637e+00  3.5073109e-03
1.418728389e+00  3.5070699e-03
1.419201299e+00  3.5065590e-03
1.419674366e+00  3.5059897e-03
1.420147591e+00  3.5056119e-03
1.420620973e+00  3.5056455e-03
1.421094513e+00  3.5062239e-03
1.421568212e+00  3.5073686e-03
1.422042068e+00  3.5089980e-03
1.422516082e+00  3.5109660e-03
1.422990254e+00  3.5131108e-03
1.423464584e+00  3.5152977e-03
1.423939072e+00  3.5174409e-03
1.424413718e+00  3.5194982e-03
1.424888523e+00  3.5214436e-03
1.425363486e+00  3.5232275e-03
1.425838607e+00  3.5247419e-03
1.426313887e+00  3.5258086e-03
1.426789324e+00  3.5262016e-03
1.427264921e+00  3.5257055e-03
1.427740676e+00  3.5241962e-03
1.428216589e+00  3.5217164e-03
1.428692662e+00  3.5185121e-03
1.429168893e+00  3.5150069e-03
1.429645282e+00  3.5117120e-03
1.430121831e+00  3.5090948e-03
1.430598538e+00  3.5074540e-03
1.431075404e+00  3.5068429e-03
1.431552429e+00  3.5070698e-03
1.432029613e+00  3.5077717e-03
1.432506957e+00  3.5085313e-03
1.432984459e+00  3.5089931e-03
1.433462120e+00  3.5089439e-03
1.433939941e+00  3.5083354e-03
1.434417921e+00  3.5072589e-03
1.434896060e+00  3.5058872e-03
1.435374359e+00  3.5044135e-03
1.435852817e+00  3.5030025e-03
1.436331435e+00  3.5017644e-03
1.436810212e+00  3.5007495e-03
1.437289149e+00  3.4999538e-03
1.437768245e+00  3.4993308e-03
1.438247501e+00  3.4988023e-03
1.438726917e+00  3.4982730e-03
1.439206493e+00  3.4976477e-03
1.439686228e+00  3.4968546e-03
1.440166123e+00  3.4958705e-03
1.440646179e+00  3.4947376e-03
1.441126394e+00  3.4935651e-03
1.441606770e+00  3.4925066e-03
1.442087305e+00  3.4917187e-03
1.442568001e+00  3.4913073e-03
1.443048857e+00  3.4912823e-03
1.443529873e+00  3.4915340e-03
1.444011050e+00  3.4918448e-03
1.444492387e+00  3.4919337e-03
1.444973884e+00  3.4915233e-03
1.445455542e+00  3.4904121e-03
1.445937361e+00  3.4885283e-03
1.446419340e+00  3.4859513e-03
1.446901480e+00  3.4828947e-03
1.447383780e+00  3.4796521e-03
1.447866242e+00  3.4765221e-03
1.448348864e+00  3.4737333e-03
1.448831647e+00  3.4713922e-03
1.449314591e+00  3.4694695e-03
1.449797695e+00  3.4678307e-03
1.450280961e+00  3.4662953e-03
1.450764388e+00  3.4647044e-03
1.451247976e+00  3.4629696e-03
1.451731726e+00  3.4610888e-03
1.452215636e+00  3.4591280e-03
1.452699708e+00  3.4571831e-03
1.453183941e+00  3.4553404e-03
1.453668336e+00  3.4536482e-03
1.454152892e+00  3.4521074e-03
1.454637610e+00  3.4506778e-03
1.455122489e+00  3.4492971e-03
1.455607530e+00  3.4479075e-03
1.456092732e+00  3.4464871e-03
1.456578097e+00  3.4450775e-03
1.457063623e+00  3.4437987e-03
1.457549310e+00  3.4428413e-03
1.458035160e+00  3.4424290e-03
1.458521172e+00  3.4427592e-03
1.459007346e+00  3.4439364e-03
1.459493681e+00  3.4459204e-03
1.459980179e+00  3.4485066e-03
1.460466839e+00  3.4513488e-03
1.460953662e+00  3.4540200e-03
1.461440646e+00  3.4560979e-03
1.461927793e+00  3.4572554e-03
1.462415102e+00  3.4573363e-03
1.462902574e+00  3.4563975e-03
1.463390208e+00  3.4547076e-03
1.463878005e+00  3.4527006e-03
1.464365964e+00  3.4508916e-03
1.464854086e+00  3.4497725e-03
1.465342371e+00  3.4497093e-03
1.465830819e+00  3.4508638e-03
1.466319429e+00  3.4531564e-03
1.466808202e+00  3.4562786e-03
1.467297138e+00  3.4597534e-03
1.467786237e+00  3.4630312e-03
1.468275499e+00  3.4656006e-03
1.468764924e+00  3.4670901e-03
1.469254513e+00  3.4673374e-03
1.469744264e+00  3.4664113e-03
1.470234179e+00  3.4645813e-03
1.470724257e+00  3.4622461e-03
1.471214498e+00  3.4598374e-03
1.471704903e+00  3.4577250e-03
1.472195471e+00  3.4561431e-03
1.472686203e+00  3.4551536e-03
1.473177099e+00  3.4546494e-03
1.473668158e+00  3.4543953e-03
1.474159380e+00  3.4540912e-03
1.474650767e+00  3.4534455e-03
1.475142317e+00  3.4522433e-03
1.475634031e+00  3.4503967e-03
1.476125909e+00  3.4479686e-03
1.476617951e+00  3.4451641e-03
1.477110157e+00  3.4422890e-03
1.477602527e+00  3.4396817e-03
1.478095061e+00  3.4376335e-03
1.478587760e+00  3.4363192e-03
1.479080622e+00  3.4357573e-03
1.479573649e+00  3.4358144e-03
1.480066840e+00  3.4362497e-03
1.480560196e+00  3.4367854e-03
1.481053716e+00  3.4371780e-03
1.481547401e+00  3.4372695e-03
1.482041250e+00  3.4370034e-03
1.482535264e+00  3.4364104e-03
1.483029442e+00  3.4355723e-03
1.483523785e+00  3.4345838e-03
1.484018293e+00  3.4335261e-03
1.484512966e+00  3.4324577e-03
1.485007804e+00  3.4314205e-03
1.485502806e+00  3.4304506e-03
1.485997974e+00  3.4295846e-03
1.486493306e+00  3.4288561e-03
1.486988804e+00  3.4282848e-03
1.487484467e+00  3.4278659e-03
1.487980295e+00  3.4275675e-03
1.488476289e+00  3.4273402e-03
1.488972447e+00  3.4271346e-03
1.489468772e+00  3.4269185e-03
1.489965261e+00  3.4266850e-03
1.490461916e+00  3.4264451e-03
1.490958737e+00  3.4262086e-03
1.491455723e+00  3.4259610e-03
1.491952875e+00  3.4256486e-03
1.492450193e+00  3.4251785e-03
1.492947676e+00  3.4244367e-03
1.493445325e+00  3.4233180e-03
1.493943140e+00  3.4217574e-03
1.494441121e+00  3.4197548e-03
1.494939269e+00  3.4173869e-03
1.495437582e+00  3.4148018e-03
1.495936061e+00  3.4122017e-03
1.496434706e+00  3.4098146e-03
1.496933518e+00  3.4078593e-03
1.497432496e+00  3.4065078e-03
1.497931640e+00  3.4058487e-03
1.498430950e+00  3.4058621e-03
1.498930427e+00  3.4064114e-03
1.499430071e+00  3.4072611e-03
1.499929881e+00  3.4081184e-03
1.500429857e+00  3.4086934e-03
1.500930001e+00  3.4087627e-03
1.501430311e+00  3.4082168e-03
1.501930787e+00  3.4070804e-03
1.502431431e+00  3.4054980e-03
1.502932242e+00  3.4036890e-03
1.503433219e+00  3.4018878e-03
1.503934363e+00  3.4002853e-03
1.504435675e+00  3.3989867e-03
1.504937153e+00  3.3979963e-03
1.505438799e+00  3.3972281e-03
1.505940612e+00  3.3965398e-03
1.506442592e+00  3.3957772e-03
1.506944740e+00  3.3948200e-03
1.507447055e+00  3.3936137e-03
1.507949537e+00  3.3921810e-03
1.508452187e+00  3.3906091e-03
1.508955004e+00  3.3890150e-03
1.509457989e+00  3.3875015e-03
1.509961142e+00  3.3861177e-03
1.510464462e+00  3.3848362e-03
1.510967950e+00  3.3835588e-03
1.511471606e+00  3.3821481e-03
1.511975430e+00  3.3804776e-03
1.512479422e+00  3.3784866e-03
1.512983582e+00  3.3762191e-03
1.513487910e+00  3.3738338e-03
1.513992406e+00  3.3715745e-03
1.514497070e+00  3.3697069e-03
1.515001902e+00  3.3684382e-03
1.515506903e+00  3.3678475e-03
1.516012072e+00  3.3678513e-03
1.516517409e+00  3.3682187e-03
1.517022915e+00  3.3686313e-03
1.517528589e+00  3.3687680e-03
1.518034432e+00  3.3683866e-03
1.518540444e+00  3.3673787e-03
1.519046624e+00  3.3657851e-03
1.519552973e+00  3.3637758e-03
1.520059490e+00  3.3616047e-03
1.520566177e+00  3.3595573e-03
1.521073032e+00  3.3578990e-03
1.521580057e+00  3.3568345e-03
1.522087250e+00  3.3564760e-03
1.522594612e+00  3.3568234e-03
1.523102144e+00  3.3577573e-03
1.523609845e+00  3.3590493e-03
1.524117715e+00  3.3603924e-03
1.524625754e+00  3.3614526e-03
1.525133962e+00  3.3619325e-03
1.525642340e+00  3.3616367e-03
1.526150888e+00  3.3605199e-03
1.526659605e+00  3.3587026e-03
1.527168491e+00  3.3564505e-03
1.527677547e+00  3.3541149e-03
1.528186773e+00  3.3520508e-03
1.528696169e+00  3.3505315e-03
1.529205734e+00  3.3496810e-03
1.529715470e+00  3.3494450e-03
1.530225375e+00  3.3496077e-03
1.530735450e+00  3.3498525e-03
1.531245695e+00  3.3498500e-03
1.531756110e+00  3.3493465e-03
1.532266696e+00  3.3482269e-03
1.532777451e+00  3.3465335e-03
1.533288377e+00  3.3444352e-03
1.533799473e+00  3.3421615e-03
1.534310740e+00  3.3399272e-03
1.534822176e+00  3.3378730e-03
1.535333784e+00  3.3360438e-03
1.535845562e+00  3.3344038e-03
1.536357510e+00  3.3328794e-03
1.536869629e+00  3.3314075e-03
1.537381919e+00  3.3299688e-03
1.537894380e+00  3.3285956e-03
1.538407011e+00  3.3273535e-03
1.538919814e+00  3.3263076e-03
1.539432787e+00  3.3254869e-03
1.539945931e+00  3.3248608e-03
1.540459247e+00  3.3243336e-03
1.540972733e+00  3.3237574e-03
1.541486391e+00  3.3229592e-03
1.542000219e+00  3.3217750e-03
1.542514219e+00  3.3200847e-03
1.543028391e+00  3.3178406e-03
1.543542734e+00  3.3150832e-03
1.544057248e+00  3.3119401e-03
1.544571934e+00  3.3086048e-03
1.545086791e+00  3.3053001e-03
1.545601820e+00  3.3022345e-03
1.546117021e+00  3.2995647e-03
1.546632393e+00  3.2973725e-03
1.547147937e+00  3.2956593e-03
1.547663653e+00  3.2943568e-03
1.548179541e+00  3.2933443e-03
1.548695601e+00  3.2924695e-03
1.549211833e+00  3.2915691e-03
1.549728237e+00  3.2904927e-03
1.550244813e+00  3.2891303e-03
1.550761561e+00  3.2874411e-03
1.551278481e+00  3.2854737e-03
1.551795574e+00  3.2833692e-03
1.552312839e+00  3.2813380e-03
1.552830277e+00  3.2796146e-03
1.553347887e+00  3.2783985e-03
1.553865670e+00  3.2777980e-03
1.554383625e+00  3.2777933e-03
1.554901753e+00  3.2782289e-03
1.555420053e+00  3.2788386e-03
1.555938527e+00  3.2792975e-03
1.556457173e+00  3.2792897e-03
1.556975992e+00  3.2785739e-03
1.557494984e+00  3.2770323e-03
1.558014149e+00  3.2746911e-03
1.558533487e+00  3.2717079e-03
1.559052998e+00  3.2683340e-03
1.559572683e+00  3.2648618e-03
1.560092540e+00  3.2615746e-03
1.560612571e+00  3.2587061e-03
1.561132775e+00  3.2564148e-03
1.561653153e+00  3.2547706e-03
1.562173704e+00  3.2537478e-03
1.562694428e+00  3.2532255e-03
1.563215327e+00  3.2529989e-03
1.563736398e+00  3.2528081e-03
1.564257644e+00  3.2523859e-03
1.564779063e+00  3.2515175e-03
1.565300656e+00  3.2500960e-03
1.565822423e+00  3.2481542e-03
1.566344364e+00  3.2458557e-03
1.566866478e+00  3.2434476e-03
1.567388767e+00  3.2411867e-03
1.567911230e+00  3.2392666e-03
1.568433867e+00  3.2377676e-03
1.568956679e+00  3.2366452e-03
1.569479664e+00  3.2357566e-03
1.570002824e+00  3.2349083e-03
1.570526158e+00  3.2339105e-03
1.571049667e+00  3.2326182e-03
1.571573350e+00  3.2309546e-03
1.572097208e+00  3.2289135e-03
1.572621240e+00  3.2265480e-03
1.573145448e+00  3.2239515e-03
1.573669829e+00  3.2212348e-03
1.574194386e+00  3.2185063e-03
1.574719117e+00  3.2158565e-03
1.575244024e+00  3.2133495e-03
1.575769105e+00  3.2110228e-03
1.576294361e+00  3.2088914e-03
1.576819793e+00  3.2069565e-03
1.577345400e+00  3.2052119e-03
1.577871181e+00  3.2036474e-03
1.578397138e+00  3.2022497e-03
1.578923271e+00  3.2010007e-03
1.579449579e+00  3.1998771e-03
1.579976062e+00  3.1988520e-03
1.580502720e+00  3.1978968e-03
1.581029555e+00  3.1969830e-03
1.581556564e+00  3.1960806e-03
1.582083750e+00  3.1951550e-03
1.582611111e+00  3.1941661e-03
1.583138648e+00  3.1930711e-03
1.583666361e+00  3.1918337e-03
1.584194250e+00  3.1904363e-03
1.584722315e+00  3.1888919e-03
1.585250555e+00  3.1872473e-03
1.585778972e+00  3.1855773e-03
1.586307565e+00  3.1839688e-03
1.586836335e+00  3.1824994e-03
1.587365280e+00  3.1812169e-03
1.587894402e+00  3.1801251e-03
1.588423700e+00  3.1791795e-03
1.588953174e+00  3.1782953e-03
1.589482825e+00  3.1773639e-03
1.590012653e+00  3.1762752e-03
1.590542657e+00  3.1749390e-03
1.591072838e+00  3.1733009e-03
1.591603196e+00  3.1713506e-03
1.592133730e+00  3.1691199e-03
1.592664441e+00  3.1666758e-03
1.593195330e+00  3.1641073e-03
1.593726395e+00  3.1615100e-03
1.594257637e+00  3.1589694e-03
1.594789056e+00  3.1565463e-03
1.595320652e+00  3.1542654e-03
1.595852426e+00  3.1521134e-03
1.596384377e+00  3.1500467e-03
1.596916505e+00  3.1480091e-03
1.597448810e+00  3.1459554e-03
1.597981293e+00  3.1438727e-03
1.598513954e+00  3.1417925e-03
1.599046792e+00  3.1397883e-03
1.599579807e+00  3.1379605e-03
1.600113001e+00  3.1364110e-03
1.600646372e+00  3.1352169e-03
1.601179920e+00  3.1344090e-03
1.601713647e+00  3.1339610e-03
1.602247552e+00  3.1337913e-03
1.602781634e+00  3.1337750e-03
1.603315895e+00  3.1337642e-03
1.603850333e+00  3.1336123e-03
1.604384950e+00  3.1331977e-03
1.604919745e+00  3.1324452e-03
1.605454718e+00  3.1313379e-03
1.605989870e+00  3.1299207e-03
1.606525200e+00  3.1282901e-03
1.607060708e+00  3.1265747e-03
1.607596395e+00  3.1249086e-03
1.608132261e+00  3.1234035e-03
1.608668305e+00  3.1221277e-03
1.609204527e+00  3.1210952e-03
1.609740929e+00  3.1202678e-03
1.610277509e+00  3.1195677e-03
1.610814268e+00  3.1188962e-03
1.611351207e+00  3.1181525e-03
1.611888324e+00  3.1172482e-03
1.612425620e+00  3.1161178e-03
1.612963095e+00  3.1147243e-03
1.613500749e+00  3.1130645e-03
1.614038583e+00  3.1111737e-03
1.614576596e+00  3.1091275e-03
1.615114788e+00  3.1070376e-03
1.615653160e+00  3.1050375e-03
1.616191711e+00  3.1032569e-03
1.616730441e+00  3.1017885e-03
1.617269351e+00  3.1006571e-03
1.617808441e+00  3.0997997e-03
1.618347711e+00  3.0990688e-03
1.618887160e+00  3.0982598e-03
1.619426789e+00  3.0971592e-03
1.619966598e+00  3.0956002e-03
1.620506587e+00  3.0935095e-03
1.621046755e+00  3.0909310e-03
1.621587104e+00  3.0880168e-03
1.622127633e+00  3.0849915e-03
1.622668343e+00  3.0820975e-03
1.623209232e+00  3.0795422e-03
1.623750302e+00  3.0774593e-03
1.624291552e+00  3.0758961e-03
1.624832982e+00  3.0748241e-03
1.625374593e+00  3.0741660e-03
1.625916385e+00  3.0738260e-03
1.626458357e+00  3.0737132e-03
1.627000510e+00  3.0737523e-03
1.627542843e+00  3.0738815e-03
1.628085358e+00  3.0740438e-03
1.628628053e+00  3.0741772e-03
1.629170929e+00  3.0742106e-03
1.629713986e+00  3.0740668e-03
1.630257224e+00  3.0736730e-03
1.630800643e+00  3.0729739e-03
1.631344243e+00  3.0719447e-03
1.631888025e+00  3.0705965e-03
1.632431987e+00  3.0689728e-03
1.632976131e+00  3.0671377e-03
1.633520457e+00  3.0651607e-03
1.634064963e+00  3.0631052e-03
1.634609652e+00  3.0610253e-03
1.635154522e+00  3.0589724e-03
1.635699573e+00  3.0570051e-03
1.636244806e+00  3.0551958e-03
1.636790221e+00  3.0536272e-03
1.637335818e+00  3.0523774e-03
1.637881597e+00  3.0514983e-03
1.638427557e+00  3.0509955e-03
1.638973700e+00  3.0508170e-03
1.639520024e+00  3.0508545e-03
1.640066531e+00  3.0509581e-03
1.640613220e+00  3.0509604e-03
1.641160091e+00  3.0507055e-03
1.641707144e+00  3.0500762e-03
1.642254380e+00  3.0490146e-03
1.642801798e+00  3.0475318e-03
1.643349399e+00  3.0457035e-03
1.643897182e+00  3.0436548e-03
1.644445147e+00  3.0415382e-03
1.644993296e+00  3.0395117e-03
1.645541627e+00  3.0377209e-03
1.646090141e+00  3.0362864e-03
1.646638838e+00  3.0352939e-03
1.647187717e+00  3.0347851e-03
1.647736780e+00  3.0347479e-03
1.648286025e+00  3.0351119e-03
1.648835454e+00  3.0357508e-03
1.649385066e+00  3.0364992e-03
1.649934861e+00  3.0371803e-03
1.650484839e+00  3.0376386e-03
1.651035001e+00  3.0377676e-03
1.651585346e+00  3.0375242e-03
1.652135874e+00  3.0369279e-03
1.652686586e+00  3.0360465e-03
1.653237482e+00  3.0349767e-03
1.653788561e+00  3.0338267e-03
1.654339824e+00  3.0327047e-03
1.654891270e+00  3.0317136e-03
1.655442901e+00  3.0309470e-03
1.655994715e+00  3.0304821e-03
1.656546713e+00  3.0303680e-03
1.657098895e+00  3.0306096e-03
1.657651262e+00  3.0311534e-03
1.658203812e+00  3.0318793e-03
1.658756547e+00  3.0326054e-03
1.659309466e+00  3.0331066e-03
1.659862569e+00  3.0331469e-03
1.660415856e+00  3.0325208e-03
1.660969328e+00  3.0310952e-03
1.661522985e+00  3.0288433e-03
1.662076826e+00  3.0258607e-03
1.662630851e+00  3.0223586e-03
1.663185062e+00  3.0186325e-03
1.663739457e+00  3.0150118e-03
1.664294036e+00  3.0118010e-03
1.664848801e+00  3.0092267e-03
1.665403751e+00  3.0074018e-03
1.665958885e+00  3.0063150e-03
1.666514205e+00  3.0058484e-03
1.667069710e+00  3.0058140e-03
1.667625400e+00  3.0060000e-03
1.668181275e+00  3.0062132e-03
1.668737335e+00  3.0063062e-03
1.669293581e+00  3.0061877e-03
1.669850012e+00  3.0058152e-03
1.670406629e+00  3.0051803e-03
1.670963431e+00  3.0042938e-03
1.671520419e+00  3.0031778e-03
1.672077592e+00  3.0018655e-03
1.672634951e+00  3.0004048e-03
1.673192496e+00  2.9988600e-03
1.673750227e+00  2.9973054e-03
1.674308144e+00  2.9958111e-03
1.674866247e+00  2.9944245e-03
1.675424535e+00  2.9931552e-03
1.675983010e+00  2.9919706e-03
1.676541671e+00  2.9908057e-03
1.677100519e+00  2.9895850e-03
1.677659552e+00  2.9882499e-03
1.678218772e+00  2.9867843e-03
1.678778178e+00  2.9852279e-03
1.679337771e+00  2.9836759e-03
1.679897550e+00  2.9822608e-03
1.680457516e+00  2.9811246e-03
1.681017668e+00  2.9803873e-03
1.681578008e+00  2.9801198e-03
1.682138534e+00  2.9803316e-03
1.682699247e+00  2.9809721e-03
1.683260146e+00  2.9819454e-03
1.683821233e+00  2.9831315e-03
1.684382507e+00  2.9844058e-03
1.684943968e+00  2.9856531e-03
1.685505616e+00  2.9867763e-03
1.686067451e+00  2.9877001e-03
1.686629473e+00  2.9883771e-03
1.687191683e+00  2.9887956e-03
1.687754080e+00  2.9889873e-03
1.688316665e+00  2.9890306e-03
1.688879437e+00  2.9890435e-03
1.689442397e+00  2.9891662e-03
1.690005545e+00  2.9895350e-03
1.690568880e+00  2.9902579e-03
1.691132403e+00  2.9914000e-03
1.691696113e+00  2.9929829e-03
1.692260012e+00  2.9949952e-03
1.692824099e+00  2.9974063e-03
1.693388374e+00  3.0001734e-03
1.693952836e+00  3.0032348e-03
1.694517487e+00  3.0064972e-03
1.695082326e+00  3.0098238e-03
1.695647354e+00  3.0130374e-03
1.696212570e+00  3.0159431e-03
1.696777974e+00  3.0183654e-03
1.697343567e+00  3.0201883e-03
1.697909348e+00  3.0213844e-03
1.698475317e+00  3.0220225e-03
1.699041476e+00  3.0222545e-03
1.699607823e+00  3.0222875e-03
1.700174359e+00  3.0223499e-03
1.700741084e+00  3.0226585e-03
1.701307998e+00  3.0233897e-03
1.701875100e+00  3.0246583e-03
1.702442392e+00  3.0265045e-03
1.703009873e+00  3.0288942e-03
1.703577543e+00  3.0317329e-03
1.704145402e+00  3.0348920e-03
1.704713450e+00  3.0382406e-03
1.705281688e+00  3.0416743e-03
1.705850115e+00  3.0451344e-03
1.706418732e+00  3.0486129e-03
1.706987538e+00  3.0521456e-03
1.707556534e+00  3.0557979e-03
1.708125720e+00  3.0596461e-03
1.708695095e+00  3.0637609e-03
1.709264660e+00  3.0681930e-03
1.709834415e+00  3.0729631e-03
1.710404360e+00  3.0780562e-03
1.710974494e+00  3.0834220e-03
1.711544819e+00  3.0889800e-03
1.712115334e+00  3.0946281e-03
1.712686039e+00  3.1002554e-03
1.713256935e+00  3.1057568e-03
1.713828020e+00  3.1110438e-03
1.714399296e+00  3.1160513e-03
1.714970763e+00  3.1207337e-03
1.715542420e+00  3.1250533e-03
1.716114267e+00  3.1289647e-03
1.716686305e+00  3.1324059e-03
1.717258534e+00  3.1353032e-03
1.717830953e+00  3.1375921e-03
1.718403564e+00  3.1392501e-03
1.718976365e+00  3.1403265e-03
1.719549357e+00  3.1409562e-03
1.720122540e+00  3.1413475e-03
1.720695914e+00  3.1417458e-03
1.721269480e+00  3.1423840e-03
1.721843236e+00  3.1434364e-03
1.722417184e+00  3.1449877e-03
1.722991323e+00  3.1470257e-03
1.723565653e+00  3.1494538e-03
1.724140175e+00  3.1521180e-03
1.724714889e+00  3.1548379e-03
1.725289794e+00  3.1574403e-03
1.725864890e+00  3.1597895e-03
1.726440179e+00  3.1618137e-03
1.727015659e+00  3.1635213e-03
1.727591331e+00  3.1650003e-03
1.728167194e+00  3.1663984e-03
1.728743250e+00  3.1678835e-03
1.729319498e+00  3.1695956e-03
1.729895938e+00  3.1716039e-03
1.730472570e+00  3.1738830e-03
1.731049394e+00  3.1763161e-03
1.731626410e+00  3.1787227e-03
1.732203619e+00  3.1809026e-03
1.732781020e+00  3.1826813e-03
1.733358614e+00  3.1839462e-03
1.733936400e+00  3.1846663e-03
1.734514379e+00  3.1848940e-03
1.735092550e+00  3.1847527e-03
1.735670915e+00  3.1844119e-03
1.736249472e+00  3.1840552e-03
1.736828221e+00  3.1838440e-03
1.737407164e+00  3.1838837e-03
1.737986300e+00  3.1841992e-03
1.738565629e+00  3.1847314e-03
1.739145150e+00  3.1853566e-03
1.739724866e+00  3.1859291e-03
1.740304774e+00  3.1863336e-03
1.740884875e+00  3.1865316e-03
1.741465170e+00  3.1865844e-03
1.742045659e+00  3.1866437e-03
1.742626341e+00  3.1869123e-03
1.743207216e+00  3.1875881e-03
1.743788285e+00  3.1888101e-03
1.744369548e+00  3.1906225e-03
1.744951004e+00  3.1929656e-03
1.745532655e+00  3.1956958e-03
1.746114499e+00  3.1986219e-03
1.746696537e+00  3.2015469e-03
1.747278769e+00  3.2043008e-03
1.747861196e+00  3.2067604e-03
1.748443816e+00  3.2088559e-03
1.749026631e+00  3.2105725e-03
1.749609639e+00  3.2119540e-03
1.750192843e+00  3.2131081e-03
1.750776240e+00  3.2142071e-03
1.751359832e+00  3.2154721e-03
1.751943619e+00  3.2171352e-03
1.752527600e+00  3.2193831e-03
1.753111776e+00  3.2222973e-03
1.753696147e+00  3.2258139e-03
1.754280712e+00  3.2297197e-03
1.754865472e+00  3.2336934e-03
1.755450427e+00  3.2373808e-03
1.756035578e+00  3.2404858e-03
1.756620923e+00  3.2428513e-03
1.757206463e+00  3.2445031e-03
1.757792199e+00  3.2456452e-03
1.758378129e+00  3.2466018e-03
1.758964255e+00  3.2477211e-03
1.759550577e+00  3.2492709e-03
1.760137094e+00  3.2513579e-03
1.760723806e+00  3.2539001e-03
1.761310714e+00  3.2566647e-03
1.761897817e+00  3.2593593e-03
1.762485117e+00  3.2617430e-03
1.763072612e+00  3.2637167e-03
1.763660303e+00  3.2653590e-03
1.764248189e+00  3.2668938e-03
1.764836272e+00  3.2686042e-03
1.765424551e+00  3.2707286e-03
1.766013026e+00  3.2733805e-03
1.766601697e+00  3.2765224e-03
1.767190564e+00  3.2800005e-03
1.767779628e+00  3.2836179e-03
1.768368887e+00  3.2872135e-03
1.768958344e+00  3.2907090e-03
1.769547996e+00  3.2941112e-03
1.770137846e+00  3.2974756e-03
1.770727892e+00  3.3008561e-03
1.771318134e+00  3.3042640e-03
1.771908574e+00  3.3076542e-03
1.772499210e+00  3.3109340e-03
1.773090043e+00  3.3139861e-03
1.773681073e+00  3.3166948e-03
1.774272300e+00  3.3189673e-03
1.774863724e+00  3.3207546e-03
1.775455345e+00  3.3220650e-03
1.776047164e+00  3.3229720e-03
1.776639180e+00  3.3236052e-03
1.777231393e+00  3.3241221e-03
1.777823803e+00  3.3246650e-03
1.778416411e+00  3.3253206e-03
1.779009217e+00  3.3260989e-03
1.779602220e+00  3.3269483e-03
1.780195420e+00  3.3278011e-03
1.780788819e+00  3.3286333e-03
1.781382415e+00  3.3295099e-03
1.781976209e+00  3.3305890e-03
1.782570201e+00  3.3320764e-03
1.783164391e+00  3.3341427e-03
1.783758779e+00  3.3368333e-03
1.784353366e+00  3.3400126e-03
1.784948150e+00  3.3433715e-03
1.785543133e+00  3.3465032e-03
1.786138314e+00  3.3490250e-03
1.786733693e+00  3.3507023e-03
1.787329271e+00  3.3515278e-03
1.787925048e+00  3.3517246e-03
1.788521023e+00  3.3516737e-03
1.789117196e+00  3.3517913e-03
1.789713569e+00  3.3524008e-03
1.790310140e+00  3.3536409e-03
1.790906910e+00  3.3554332e-03
1.791503879e+00  3.3575150e-03
1.792101047e+00  3.3595181e-03
1.792698414e+00  3.3610720e-03
1.793295980e+00  3.3619017e-03
1.793893745e+00  3.3619036e-03
1.794491710e+00  3.3611809e-03
1.795089874e+00  3.3600348e-03
1.795688237e+00  3.3589094e-03
1.796286800e+00  3.3583009e-03
1.796885562e+00  3.3586484e-03
1.797484524e+00  3.3602292e-03
1.798083686e+00  3.3630852e-03
1.798683047e+00  3.3670022e-03
1.799282608e+00  3.3715486e-03
1.799882369e+00  3.3761725e-03
1.800482329e+00  3.3803282e-03
1.801082490e+00  3.3836035e-03
1.801682851e+00  3.3858130e-03
1.802283412e+00  3.3870291e-03
1.802884173e+00  3.3875471e-03
1.803485135e+00  3.3877942e-03
1.804086296e+00  3.3882122e-03
1.804687658e+00  3.3891494e-03
1.805289221e+00  3.3907885e-03
1.805890984e+00  3.3931257e-03
1.806492948e+00  3.3959937e-03
1.807095112e+00  3.3991101e-03
1.807697477e+00  3.4021292e-03
1.808300043e+00  3.4046828e-03
1.808902810e+00  3.4064104e-03
1.809505777e+00  3.4069903e-03
1.810108946e+00  3.4061846e-03
1.810712315e+00  3.4039022e-03
1.811315886e+00  3.4002645e-03
1.811919658e+00  3.3956471e-03
1.812523631e+00  3.3906688e-03
1.813127806e+00  3.3861106e-03
1.813732182e+00  3.3827762e-03
1.814336759e+00  3.3813256e-03
1.814941538e+00  3.3821298e-03
1.815546519e+00  3.3851878e-03
1.816151701e+00  3.3901287e-03
1.816757085e+00  3.3962932e-03
1.817362670e+00  3.4028670e-03
1.817968458e+00  3.4090293e-03
1.818574447e+00  3.4140813e-03
1.819180639e+00  3.4175366e-03
1.819787032e+00  3.4191690e-03
1.820393628e+00  3.4190202e-03
1.821000426e+00  3.4173741e-03
1.821607426e+00  3.4146973e-03
1.822214629e+00  3.4115486e-03
1.822822034e+00  3.4084668e-03
1.823429641e+00  3.4058570e-03
1.824037451e+00  3.4039110e-03
1.824645463e+00  3.4025871e-03
1.825253678e+00  3.4016666e-03
1.825862096e+00  3.4008673e-03
1.826470717e+00  3.3999770e-03
1.827079541e+00  3.3989560e-03
1.827688567e+00  3.3979691e-03
1.828297797e+00  3.3973382e-03
1.828907229e+00  3.3974324e-03
1.829516865e+00  3.3985409e-03
1.830126704e+00  3.4007726e-03
1.830736746e+00  3.4040166e-03
1.831346992e+00  3.4079728e-03
1.831957441e+00  3.4122346e-03
1.832568093e+00  3.4163933e-03
1.833178949e+00  3.4201272e-03
1.833790009e+00  3.4232499e-03
1.834401272e+00  3.4257122e-03
1.835012739e+00  3.4275661e-03
1.835624410e+00  3.4289160e-03
1.836236285e+00  3.4298779e-03
1.836848364e+00  3.4305656e-03
1.837460647e+00  3.4311003e-03
1.838073133e+00  3.4316340e-03
1.838685824e+00  3.4323639e-03
1.839298720e+00  3.4335236e-03
1.839911819e+00  3.4353445e-03
1.840525123e+00  3.4379990e-03
1.841138632e+00  3.4415476e-03
1.841752345e+00  3.4459140e-03
1.842366262e+00  3.4508988e-03
1.842980384e+00  3.4562270e-03
1.843594711e+00  3.4616088e-03
1.844209242e+00  3.4667857e-03
1.844823979e+00  3.4715450e-03
1.845438920e+00  3.4757063e-03
1.846054066e+00  3.4790935e-03
1.846669418e+00  3.4815248e-03
1.847284974e+00  3.4828332e-03
1.847900736e+00  3.4829225e-03
1.848516703e+00  3.4818353e-03
1.849132875e+00  3.4798045e-03
1.849749253e+00  3.4772580e-03
1.850365836e+00  3.4747661e-03
1.850982624e+00  3.4729423e-03
1.851599619e+00  3.4723271e-03
1.852216819e+00  3.4732914e-03
1.852834224e+00  3.4759828e-03
1.853451836e+00  3.4803245e-03
1.854069653e+00  3.4860546e-03
1.854687676e+00  3.4927801e-03
1.855305905e+00  3.5000297e-03
1.855924341e+00  3.5072901e-03
1.856542982e+00  3.5140365e-03
1.857161830e+00  3.5197629e-03
1.857780884e+00  3.5240246e-03
1.858400144e+00  3.5264921e-03
1.859019611e+00  3.5270058e-03
1.859639284e+00  3.5256129e-03
1.860259164e+00  3.5225708e-03
1.860879250e+00  3.5183057e-03
1.861499543e+00  3.5133352e-03
1.862120043e+00  3.5081692e-03
1.862740750e+00  3.5032190e-03
1.863361663e+00  3.4987370e-03
1.863982784e+00  3.4948022e-03
1.864604111e+00  3.4913503e-03
1.865225646e+00  3.4882340e-03
1.865847388e+00  3.4852933e-03
1.866469337e+00  3.4824157e-03
1.867091493e+00  3.4795734e-03
1.867713857e+00  3.4768343e-03
1.868336429e+00  3.4743443e-03
1.868959207e+00  3.4722893e-03
1.869582194e+00  3.4708446e-03
1.870205388e+00  3.4701257e-03
1.870828790e+00  3.4701549e-03
1.871452399e+00  3.4708554e-03
1.872076217e+00  3.4720733e-03
1.872700242e+00  3.4736174e-03
1.873324476e+00  3.4753006e-03
1.873948917e+00  3.4769608e-03
1.874573567e+00  3.4784553e-03
1.875198425e+00  3.4796337e-03
1.875823491e+00  3.4803087e-03
1.876448765e+00  3.4802464e-03
1.877074248e+00  3.4791932e-03
1.877699939e+00  3.4769365e-03
1.878325839e+00  3.4733811e-03
1.878951948e+00  3.4686128e-03
1.879578265e+00  3.4629225e-03
1.880204791e+00  3.4567766e-03
1.880831526e+00  3.4507372e-03
1.881458470e+00  3.4453532e-03
1.882085623e+00  3.4410515e-03
1.882712985e+00  3.4380616e-03
1.883340556e+00  3.4363932e-03
1.883968336e+00  3.4358698e-03
1.884596326e+00  3.4362099e-03
1.885224524e+00  3.4371225e-03
1.885852933e+00  3.4383895e-03
1.886481550e+00  3.4399097e-03
1.887110377e+00  3.4416939e-03
1.887739414e+00  3.4438200e-03
1.888368661e+00  3.4463671e-03
1.888998117e+00  3.4493530e-03
1.889627783e+00  3.4526927e-03
1.890257659e+00  3.4561897e-03
1.890887745e+00  3.4595588e-03
1.891518041e+00  3.4624718e-03
1.892148547e+00  3.4646147e-03
1.892779263e+00  3.4657378e-03
1.893410189e+00  3.4656889e-03
1.894041326e+00  3.4644222e-03
1.894672673e+00  3.4619879e-03
1.895304231e+00  3.4585104e-03
1.895935999e+00  3.4541681e-03
1.896567977e+00  3.4491835e-03
1.897200167e+00  3.4438226e-03
1.897832567e+00  3.4383938e-03
1.898465178e+00  3.4332364e-03
1.899097999e+00  3.4286878e-03
1.899731032e+00  3.4250351e-03
1.900364276e+00  3.4224616e-03
1.900997730e+00  3.4210069e-03
1.901631396e+00  3.4205581e-03
1.902265273e+00  3.4208758e-03
1.902899362e+00  3.4216491e-03
1.903533662e+00  3.4225676e-03
1.904168173e+00  3.4233883e-03
1.904802896e+00  3.4239867e-03
1.905437830e+00  3.4243758e-03
1.906072976e+00  3.4246889e-03
1.906708334e+00  3.4251256e-03
1.907343903e+00  3.4258703e-03
1.907979684e+00  3.4270069e-03
1.908615678e+00  3.4284567e-03
1.909251883e+00  3.4299706e-03
1.909888300e+00  3.4311866e-03
1.910524929e+00  3.4317401e-03
1.911161771e+00  3.4313893e-03
1.911798825e+00  3.4301051e-03
1.912436091e+00  3.4280878e-03
1.913073570e+00  3.4257013e-03
1.913711261e+00  3.4233509e-03
1.914349165e+00  3.4213563e-03
1.914987281e+00  3.4198697e-03
1.915625610e+00  3.4188670e-03
1.916264152e+00  3.4182059e-03
1.916902907e+00  3.4177155e-03
1.917541875e+00  3.4172744e-03
1.918181055e+00  3.4168462e-03
1.918820449e+00  3.4164682e-03
1.919460056e+00  3.4162126e-03
1.920099876e+00  3.4161449e-03
1.920739909e+00  3.4163013e-03
1.921380156e+00  3.4166886e-03
1.922020616e+00  3.4172959e-03
1.922661289e+00  3.4181067e-03
1.923302176e+00  3.4191022e-03
1.923943277e+00  3.4202605e-03
1.924584592e+00  3.4215575e-03
1.925226120e+00  3.4229746e-03
1.925867862e+00  3.4245074e-03
1.926509818e+00  3.4261700e-03
1.927151988e+00  3.4279825e-03
1.927794372e+00  3.4299426e-03
1.928436970e+00  3.4319914e-03
1.929079782e+00  3.4339926e-03
1.929722809e+00  3.4357394e-03
1.930366050e+00  3.4369975e-03
1.931009505e+00  3.4375696e-03
1.931653175e+00  3.4373666e-03
1.932297059e+00  3.4364566e-03
1.932941158e+00  3.4350770e-03
1.933585472e+00  3.4336034e-03
1.934230000e+00  3.4324794e-03
1.934874744e+00  3.4321221e-03
1.935519702e+00  3.4328231e-03
1.936164875e+00  3.4346699e-03
1.936810264e+00  3.4375091e-03
1.937455867e+00  3.4409674e-03
1.938101686e+00  3.4445307e-03
1.938747720e+00  3.4476644e-03
1.939393969e+00  3.4499380e-03
1.940040433e+00  3.4511189e-03
1.940687114e+00  3.4512049e-03
1.941334009e+00  3.4503909e-03
1.941981121e+00  3.4489881e-03
1.942628448e+00  3.4473282e-03
1.943275990e+00  3.4456860e-03
1.943923749e+00  3.4442364e-03
1.944571724e+00  3.4430503e-03
1.945219914e+00  3.4421136e-03
1.945868321e+00  3.4413575e-03
1.946516944e+00  3.4406906e-03
1.947165783e+00  3.4400289e-03
1.947814838e+00  3.4393233e-03
1.948464110e+00  3.4385801e-03
1.949113598e+00  3.4378679e-03
1.949763302e+00  3.4373048e-03
1.950413223e+00  3.4370238e-03
1.951063361e+00  3.4371288e-03
1.951713715e+00  3.4376544e-03
1.952364287e+00  3.4385446e-03
1.953015075e+00  3.4396587e-03
1.953666080e+00  3.4408023e-03
1.954317302e+00  3.4417750e-03
1.954968741e+00  3.4424218e-03
1.955620397e+00  3.4426727e-03
1.956272271e+00  3.4425603e-03
1.956924361e+00  3.4422054e-03
1.957576669e+00  3.4417767e-03
1.958229195e+00  3.4414326e-03
1.958881938e+00  3.4412707e-03
1.959534899e+00  3.4413014e-03
1.960188077e+00  3.4414543e-03
1.960841473e+00  3.4416147e-03
1.961495087e+00  3.4416687e-03
1.962148919e+00  3.4415384e-03
1.962802968e+00  3.4411913e-03
1.963457236e+00  3.4406267e-03
1.964111722e+00  3.4398528e-03
1.964766426e+00  3.4388688e-03
1.965421348e+00  3.4376673e-03
1.966076488e+00  3.4362540e-03
1.966731847e+00  3.4346779e-03
1.967387424e+00  3.4330521e-03
1.968043220e+00  3.4315551e-03
1.968699234e+00  3.4304051e-03
1.969355468e+00  3.4298135e-03
1.970011919e+00  3.4299298e-03
1.970668590e+00  3.4307964e-03
1.971325480e+00  3.4323238e-03
1.971982588e+00  3.4342960e-03
1.972639916e+00  3.4364059e-03
1.973297462e+00  3.4383148e-03
1.973955228e+00  3.4397262e-03
1.974613213e+00  3.4404587e-03
1.975271417e+00  3.4404970e-03
1.975929841e+00  3.4400057e-03
1.976588485e+00  3.4392907e-03
1.977247347e+00  3.4387161e-03
1.977906430e+00  3.4385968e-03
1.978565732e+00  3.4391025e-03
1.979225254e+00  3.4402056e-03
1.979884996e+00  3.4416923e-03
1.980544957e+00  3.4432321e-03
1.981205139e+00  3.4444805e-03
1.981865541e+00  3.4451799e-03
1.982526163e+00  3.4452269e-03
1.983187005e+00  3.4446931e-03
1.983848067e+00  3.4437975e-03
1.984509350e+00  3.4428442e-03
1.985170853e+00  3.4421461e-03
1.985832576e+00  3.4419486e-03
1.986494521e+00  3.4423712e-03
1.987156685e+00  3.4433765e-03
1.987819071e+00  3.4447745e-03
1.988481677e+00  3.4462633e-03
1.989144505e+00  3.4474980e-03
1.989807553e+00  3.4481749e-03
1.990470822e+00  3.4481055e-03
1.991134312e+00  3.4472628e-03
1.991798024e+00  3.4457849e-03
1.992461956e+00  3.4439368e-03
1.993126110e+00  3.4420429e-03
1.993790486e+00  3.4404120e-03
1.994455082e+00  3.4392742e-03
1.995119901e+00  3.4387421e-03
1.995784941e+00  3.4388019e-03
1.996450202e+00  3.4393295e-03
1.997115686e+00  3.4401255e-03
1.997781391e+00  3.4409603e-03
1.998447318e+00  3.4416241e-03
1.999113467e+00  3.4419718e-03
1.999779838e+00  3.4419571e-03
2.000446432e+00  3.4416462e-03
2.001113247e+00  3.4412058e-03
2.001780285e+00  3.4408666e-03
2.002447545e+00  3.4408677e-03
2.003115028e+00  3.4413984e-03
2.003782733e+00  3.4425526e-03
2.004450660e+00  3.4443078e-03
2.005118810e+00  3.4465329e-03
2.005787183e+00  3.4490176e-03
2.006455779e+00  3.4515137e-03
2.007124598e+00  3.4537727e-03
2.007793639e+00  3.4555764e-03
2.008462904e+00  3.4567584e-03
2.009132391e+00  3.4572190e-03
2.009802102e+00  3.4569373e-03
2.010472036e+00  3.4559772e-03
2.011142194e+00  3.4544846e-03
2.011812574e+00  3.4526712e-03
2.012483178e+00  3.4507837e-03
2.013154006e+00  3.4490638e-03
2.013825058e+00  3.4477057e-03
2.014496333e+00  3.4468188e-03
2.015167831e+00  3.4464051e-03
2.015839554e+00  3.4463555e-03
2.016511500e+00  3.4464690e-03
2.017183671e+00  3.4464941e-03
2.017856065e+00  3.4461868e-03
2.018528684e+00  3.4453740e-03
2.019201527e+00  3.4440052e-03
2.019874594e+00  3.4421776e-03
2.020547886e+00  3.4401249e-03
2.021221402e+00  3.4381698e-03
2.021895142e+00  3.4366509e-03
2.022569107e+00  3.4358439e-03
2.023243297e+00  3.4358980e-03
2.023917711e+00  3.4368013e-03
2.024592351e+00  3.4383847e-03
2.025267215e+00  3.4403587e-03
2.025942304e+00  3.4423741e-03
2.026617618e+00  3.4440900e-03
2.027293157e+00  3.4452355e-03
2.027968922e+00  3.4456502e-03
2.028644911e+00  3.4452997e-03
2.029321126e+00  3.4442635e-03
2.029997566e+00  3.4427024e-03
2.030674232e+00  3.4408137e-03
2.031351124e+00  3.4387874e-03
2.032028241e+00  3.4367733e-03
2.032705584e+00  3.4348690e-03
2.033383152e+00  3.4331269e-03
2.034060946e+00  3.4315754e-03
2.034738967e+00  3.4302429e-03
2.035417213e+00  3.4291685e-03
2.036095686e+00  3.4283974e-03
2.036774384e+00  3.4279588e-03
2.037453309e+00  3.4278424e-03
2.038132460e+00  3.4279839e-03
2.038811837e+00  3.4282703e-03
2.039491441e+00  3.4285644e-03
2.040171272e+00  3.4287366e-03
2.040851329e+00  3.4286894e-03
2.041531613e+00  3.4283677e-03
2.042212123e+00  3.4277535e-03
2.042892861e+00  3.4268546e-03
2.043573825e+00  3.4256994e-03
2.044255016e+00  3.4243390e-03
2.044936435e+00  3.4228553e-03
2.045618080e+00  3.4213616e-03
2.046299953e+00  3.4199910e-03
2.046982053e+00  3.4188717e-03
2.047664380e+00  3.4180983e-03
2.048346935e+00  3.4177108e-03
2.049029717e+00  3.4176864e-03
2.049712727e+00  3.4179425e-03
2.050395965e+00  3.4183446e-03
2.051079430e+00  3.4187121e-03
2.051763123e+00  3.4188265e-03
2.052447044e+00  3.4184483e-03
2.053131193e+00  3.4173530e-03
2.053815570e+00  3.4153836e-03
2.054500175e+00  3.4125088e-03
2.055185009e+00  3.4088641e-03
2.055870070e+00  3.4047549e-03
2.056555361e+00  3.4006119e-03
2.057240879e+00  3.3969050e-03
2.057926626e+00  3.3940399e-03
2.058612601e+00  3.3922646e-03
2.059298806e+00  3.3916154e-03
2.059985239e+00  3.3919128e-03
2.060671900e+00  3.3928079e-03
2.061358791e+00  3.3938639e-03
2.062045911e+00  3.3946501e-03
2.062733259e+00  3.3948274e-03
2.063420837e+00  3.3942066e-03
2.064108644e+00  3.3927697e-03
2.064796680e+00  3.3906533e-03
2.065484946e+00  3.3881009e-03
2.066173441e+00  3.3854003e-03
2.066862165e+00  3.3828229e-03
2.067551119e+00  3.3805772e-03
2.068240303e+00  3.3787856e-03
2.068929716e+00  3.3774820e-03
2.069619360e+00  3.3766229e-03
2.070309233e+00  3.3761044e-03
2.070999336e+00  3.3757814e-03
2.071689669e+00  3.3754866e-03
2.072380232e+00  3.3750531e-03
2.073071026e+00  3.3743393e-03
2.073762049e+00  3.3732547e-03
2.074453303e+00  3.3717795e-03
2.075144788e+00  3.3699706e-03
2.075836503e+00  3.3679498e-03
2.076528448e+00  3.3658722e-03
2.077220624e+00  3.3638862e-03
2.077913031e+00  3.3620936e-03
2.078605669e+00  3.3605257e-03
2.079298537e+00  3.3591425e-03
2.079991637e+00  3.3578563e-03
2.080684967e+00  3.3565686e-03
2.081378529e+00  3.3552062e-03
2.082072322e+00  3.3537431e-03
2.082766346e+00  3.3521994e-03
2.083460601e+00  3.3506202e-03
2.084155088e+00  3.3490446e-03
2.084849807e+00  3.3474781e-03
2.085544757e+00  3.3458806e-03
2.086239938e+00  3.3441752e-03
2.086935352e+00  3.3422761e-03
2.087630997e+00  3.3401245e-03
2.088326874e+00  3.3377209e-03
2.089022983e+00  3.3351405e-03
2.089719324e+00  3.3325243e-03
2.090415897e+00  3.3300473e-03
2.091112702e+00  3.3278719e-03
2.091809740e+00  3.3261008e-03
2.092507009e+00  3.3247453e-03
2.093204512e+00  3.3237179e-03
2.093902247e+00  3.3228538e-03
2.094600214e+00  3.3219526e-03
2.095298414e+00  3.3208292e-03
2.095996847e+00  3.3193595e-03
2.096695513e+00  3.3175073e-03
2.097394411e+00  3.3153286e-03
2.098093543e+00  3.3129523e-03
2.098792907e+00  3.3105456e-03
2.099492505e+00  3.3082742e-03
2.100192336e+00  3.3062668e-03
2.100892400e+00  3.3045934e-03
2.101592697e+00  3.3032606e-03
2.102293228e+00  3.3022218e-03
2.102993992e+00  3.3013956e-03
2.103694990e+00  3.3006860e-03
2.104396222e+00  3.2999958e-03
2.105097687e+00  3.2992320e-03
2.105799387e+00  3.2983045e-03
2.106501320e+00  3.2971238e-03
2.107203487e+00  3.2956041e-03
2.107905888e+00  3.2936735e-03
2.108608523e+00  3.2912907e-03
2.109311393e+00  3.2884622e-03
2.110014497e+00  3.2852550e-03
2.110717835e+00  3.2817986e-03
2.111421407e+00  3.2782755e-03
2.112125215e+00  3.2748982e-03
2.112829256e+00  3.2718766e-03
2.113533533e+00  3.2693796e-03
2.114238044e+00  3.2674981e-03
2.114942790e+00  3.2662201e-03
2.115647771e+00  3.2654254e-03
2.116352987e+00  3.2649058e-03
2.117058438e+00  3.2644080e-03
2.117764124e+00  3.2636876e-03
2.118470045e+00  3.2625631e-03
2.119176202e+00  3.2609518e-03
2.119882594e+00  3.2588826e-03
2.120589222e+00  3.2564816e-03
2.121296085e+00  3.2539384e-03
2.122003183e+00  3.2514612e-03
2.122710518e+00  3.2492333e-03
2.123418088e+00  3.2473778e-03
2.124125894e+00  3.2459368e-03
2.124833936e+00  3.2448650e-03
2.125542214e+00  3.2440386e-03
2.126250728e+00  3.2432760e-03
2.126959478e+00  3.2423692e-03
2.127668465e+00  3.2411206e-03
2.128377688e+00  3.2393809e-03
2.129087147e+00  3.2370800e-03
2.129796842e+00  3.2342444e-03
2.130506775e+00  3.2309962e-03
2.131216944e+00  3.2275331e-03
2.131927349e+00  3.2240950e-03
2.132637992e+00  3.2209238e-03
2.133348871e+00  3.2182271e-03
2.134059987e+00  3.2161492e-03
2.134771341e+00  3.2147545e-03
2.135482931e+00  3.2140194e-03
2.136194759e+00  3.2138331e-03
2.136906824e+00  3.2140045e-03
2.137619126e+00  3.2142785e-03
2.138331666e+00  3.2143617e-03
2.139044443e+00  3.2139614e-03
2.139757458e+00  3.2128342e-03
2.140470710e+00  3.2108369e-03
2.141184200e+00  3.2079700e-03
2.141897929e+00  3.2043972e-03
2.142611895e+00  3.2004324e-03
2.143326099e+00  3.1964905e-03
2.144040541e+00  3.1930097e-03
2.144755221e+00  3.1903623e-03
2.145470139e+00  3.1887773e-03
2.146185296e+00  3.1882963e-03
2.146900691e+00  3.1887730e-03
2.147616324e+00  3.1899154e-03
2.148332197e+00  3.1913553e-03
2.149048307e+00  3.1927260e-03
2.149764657e+00  3.1937268e-03
2.150481245e+00  3.1941601e-03
2.151198072e+00  3.1939382e-03
2.151915138e+00  3.1930663e-03
2.152632443e+00  3.1916120e-03
2.153349987e+00  3.1896746e-03
2.154067771e+00  3.1873636e-03
2.154785793e+00  3.1847883e-03
2.155504055e+00  3.1820561e-03
2.156222556e+00  3.1792723e-03
2.156941297e+00  3.1765379e-03
2.157660278e+00  3.1739420e-03
2.158379498e+00  3.1715518e-03
2.159098958e+00  3.1694037e-03
2.159818657e+00  3.1675003e-03
2.160538597e+00  3.1658137e-03
2.161258776e+00  3.1642940e-03
2.161979196e+00  3.1628804e-03
2.162699856e+00  3.1615114e-03
2.163420756e+00  3.1601351e-03
2.164141896e+00  3.1587183e-03
2.164863277e+00  3.1572553e-03
2.165584898e+00  3.1557737e-03
2.166306759e+00  3.1543324e-03
2.167028862e+00  3.1530097e-03
2.167751205e+00  3.1518819e-03
2.168473788e+00  3.1509986e-03
2.169196613e+00  3.1503648e-03
2.169919678e+00  3.1499388e-03
2.170642985e+00  3.1496495e-03
2.171366533e+00  3.1494235e-03
2.172090321e+00  3.1492121e-03
2.172814352e+00  3.1490025e-03
2.173538623e+00  3.1488084e-03
2.174263136e+00  3.1486460e-03
2.174987890e+00  3.1485060e-03
2.175712886e+00  3.1483396e-03
2.176438124e+00  3.1480643e-03
2.177163603e+00  3.1475909e-03
2.177889324e+00  3.1468579e-03
2.178615288e+00  3.1458592e-03
2.179341493e+00  3.1446534e-03
2.180067940e+00  3.1433486e-03
2.180794629e+00  3.1420695e-03
2.181521561e+00  3.1409174e-03
2.182248735e+00  3.1399387e-03
2.182976151e+00  3.1391130e-03
2.183703809e+00  3.1383647e-03
2.184431711e+00  3.1375942e-03
2.185159855e+00  3.1367187e-03
2.185888241e+00  3.1357064e-03
2.186616871e+00  3.1345945e-03
2.187345743e+00  3.1334810e-03
2.188074858e+00  3.1324948e-03
2.188804217e+00  3.1317509e-03
2.189533818e+00  3.1313064e-03
2.190263663e+00  3.1311334e-03
2.190993750e+00  3.1311154e-03
2.191724082e+00  3.1310723e-03
2.192454656e+00  3.1308025e-03
2.193185475e+00  3.1301293e-03
2.193916536e+00  3.1289364e-03
2.194647842e+00  3.1271836e-03
2.195379391e+00  3.1249004e-03
2.196111184e+00  3.1221677e-03
2.196843221e+00  3.1190953e-03
2.197575502e+00  3.1158062e-03
2.198308028e+00  3.1124283e-03
2.199040797e+00  3.1090909e-03
2.199773811e+00  3.1059199e-03
